
    STEP   DAMPING               NORMS              COMPUTATION TIMES
  IT SIT     GAMMA     ||d||     ||f||     ||U||   F(x)  DF(x)  SOLVE
   0                          4.98e-02  4.04e+00    0.0    0.0    0.0
   1   1  1.00e+00  3.30e-01  1.29e-02  3.95e+00    0.0    0.0    0.0
   2   1  1.00e+00  1.77e-01  3.27e-03  3.91e+00    0.0    0.0    0.0
   3   1  1.00e+00  8.76e-02  6.58e-04  3.90e+00    0.0    0.0    0.0
   4   1  1.00e+00  2.89e-02  6.20e-05  3.89e+00    0.0    0.0    0.0
   5   1  1.00e+00  3.34e-03  7.86e-07  3.89e+00    0.0    0.0    0.0
   6   1  1.00e+00  4.35e-05  1.32e-10  3.89e+00    0.0    0.0    0.0
   7   1  1.00e+00  7.33e-09  7.14e-17  3.89e+00    0.0    0.0    0.0
   8   1  1.00e+00  3.95e-15  3.56e-17  3.89e+00    0.0    0.0    0.0

 STEP      TIME        ||U||  LABEL  TYPE            b2            T
    0  00:00:00   3.8942e+00      1  EP      2.5000e+00   4.3269e-01
    1  00:00:00   3.8933e+00      2          2.4994e+00   4.3228e-01
    2  00:00:00   3.8917e+00      3          2.4983e+00   4.3152e-01
    3  00:00:00   3.8887e+00      4          2.4962e+00   4.3006e-01
    4  00:00:00   3.8830e+00      5          2.4922e+00   4.2729e-01
    5  00:00:00   3.8721e+00      6          2.4847e+00   4.2201e-01
    6  00:00:00   3.8516e+00      7          2.4704e+00   4.1192e-01
    7  00:00:00   3.8129e+00      8          2.4433e+00   3.9254e-01
    8  00:00:00   3.7404e+00      9          2.3925e+00   3.5496e-01
    9  00:00:00   3.6069e+00     10          2.2980e+00   2.8079e-01
   10  00:00:00   3.3721e+00     11          2.1269e+00   1.2960e-01
   11  00:00:00   3.2078e+00     12  BP      2.0000e+00   2.4394e-05
   11  00:00:00   3.1601e+00     13  MX      1.9611e+00  -4.3309e-02

 STEP      TIME        ||U||  LABEL  TYPE            b2            T
    0  00:00:00   3.8942e+00     14  EP      2.5000e+00   4.3269e-01
    1  00:00:00   3.8950e+00     15          2.5006e+00   4.3309e-01
    2  00:00:00   3.8966e+00     16          2.5017e+00   4.3385e-01
    3  00:00:00   3.8996e+00     17          2.5038e+00   4.3531e-01
    4  00:00:01   3.9053e+00     18          2.5078e+00   4.3806e-01
    5  00:00:01   3.9163e+00     19          2.5154e+00   4.4328e-01
    6  00:00:01   3.9371e+00     20          2.5298e+00   4.5314e-01
    7  00:00:01   3.9770e+00     21          2.5575e+00   4.7167e-01
    8  00:00:01   4.0535e+00     22          2.6104e+00   5.0617e-01
    9  00:00:01   4.2018e+00     23          2.7127e+00   5.6919e-01
   10  00:00:01   4.4917e+00     24          2.9120e+00   6.8036e-01
   11  00:00:01   4.9404e+00     25          3.2207e+00   8.2801e-01
   12  00:00:01   5.4863e+00     26          3.5983e+00   9.7835e-01
   13  00:00:01   6.0631e+00     27  EP      4.0000e+00   1.1116e+00
