
    STEP   DAMPING               NORMS              COMPUTATION TIMES
  IT SIT     GAMMA     ||d||     ||f||     ||U||   F(x)  DF(x)  SOLVE
   0                          5.12e-03  3.94e+00    0.0    0.0    0.0
   1   1  1.00e+00  1.64e-01  5.85e-04  3.90e+00    0.0    0.0    0.0
   2   1  1.00e+00  2.48e-02  1.74e-05  3.90e+00    0.0    0.0    0.0
   3   1  1.00e+00  7.82e-04  1.79e-08  3.90e+00    0.0    0.0    0.0
   4   1  1.00e+00  8.09e-07  2.17e-14  3.90e+00    0.0    0.0    0.0
   5   1  1.00e+00  9.79e-13  2.12e-16  3.90e+00    0.0    0.0    0.0

 STEP      TIME        ||U||  LABEL  TYPE      lambda_3            T
    0  00:00:00   3.8965e+00      1  EP     -3.6630e-01   2.1230e+00
    1  00:00:00   3.8887e+00      2         -3.6533e-01   2.1160e+00
    2  00:00:00   3.8738e+00      3         -3.6348e-01   2.1027e+00
    3  00:00:00   3.8458e+00      4         -3.5990e-01   2.0774e+00
    4  00:00:00   3.7929e+00      5         -3.5281e-01   2.0294e+00
    5  00:00:00   3.6938e+00      6         -3.3832e-01   1.9384e+00
    6  00:00:00   3.5110e+00      7         -3.0643e-01   1.7662e+00
    7  00:00:00   3.1887e+00      8         -2.2463e-01   1.4434e+00
    8  00:00:00   2.9618e+00      9         -1.2850e-01   1.1915e+00
    9  00:00:00   2.8428e+00     10         -4.9587e-02   1.0432e+00
   10  00:00:00   2.7881e+00     11  BP      3.5671e-07   9.6781e-01
   10  00:00:00   2.7701e+00     12          1.9169e-02   9.4154e-01
   11  00:00:00   2.7197e+00     13          8.5463e-02   8.6084e-01
   12  00:00:00   2.6834e+00     14          1.5301e-01   7.9181e-01
   13  00:00:00   2.6584e+00     15          2.2416e-01   7.3020e-01
   14  00:00:00   2.6436e+00     16          3.0130e-01   6.7346e-01
   15  00:00:00   2.6398e+00     17          3.8722e-01   6.1986e-01
   16  00:00:00   2.6490e+00     18          4.8557e-01   5.6813e-01
   17  00:00:00   2.6756e+00     19          6.0149e-01   5.1728e-01
   18  00:00:00   2.7274e+00     20          7.4278e-01   4.6643e-01
   19  00:00:00   2.8184e+00     21          9.2183e-01   4.1478e-01
   20  00:00:00   2.8658e+00     22  EP      1.0000e+00   3.9565e-01

 STEP      TIME        ||U||  LABEL  TYPE      lambda_3            T
    0  00:00:00   3.8965e+00     23  EP     -3.6630e-01   2.1230e+00
    1  00:00:00   3.9043e+00     24         -3.6725e-01   2.1300e+00
    2  00:00:00   3.9192e+00     25         -3.6905e-01   2.1433e+00
    3  00:00:00   3.9475e+00     26         -3.7240e-01   2.1686e+00
    4  00:00:00   4.0018e+00     27         -3.7854e-01   2.2167e+00
    5  00:00:00   4.1060e+00     28         -3.8941e-01   2.3082e+00
    6  00:00:00   4.3077e+00     29         -4.0758e-01   2.4824e+00
    7  00:00:00   4.7026e+00     30         -4.3491e-01   2.8139e+00
    8  00:00:00   5.4844e+00     31         -4.6907e-01   3.4452e+00
    9  00:00:01   6.3921e+00     32         -4.9026e-01   4.1520e+00
   10  00:00:01   7.3227e+00     33         -5.0065e-01   4.8590e+00
   11  00:00:01   8.2687e+00     34         -5.0405e-01   5.5662e+00
   12  00:00:01   8.4168e+00     35  FP     -5.0410e-01   5.6760e+00
   12  00:00:01   9.2257e+00     36         -5.0262e-01   6.2733e+00
   13  00:00:01   1.0190e+01     37         -4.9767e-01   6.9804e+00
   14  00:00:01   1.1161e+01     38         -4.9003e-01   7.6874e+00
   15  00:00:01   1.2137e+01     39         -4.8026e-01   8.3945e+00
   16  00:00:01   1.3115e+01     40         -4.6876e-01   9.1015e+00
   17  00:00:01   1.4097e+01     41         -4.5579e-01   9.8085e+00
   18  00:00:01   1.4363e+01     42  EP     -4.5205e-01   1.0000e+01
