
    STEP   DAMPING               NORMS              COMPUTATION TIMES
  IT SIT     GAMMA     ||d||     ||f||     ||U||   F(x)  DF(x)  SOLVE
   0                          7.88e-10  8.28e+00    0.0    0.0    0.0

 STEP      TIME        ||U||  LABEL  TYPE             r            T
    0  00:00:00   8.2752e+00      1  EP      2.0400e-01   5.7739e+00
    1  00:00:00   8.2758e+00      2          2.0347e-01   5.7743e+00
    2  00:00:00   8.2770e+00      3          2.0245e-01   5.7752e+00
    3  00:00:00   8.2793e+00      4          2.0052e-01   5.7769e+00
    4  00:00:00   8.2835e+00      5          1.9686e-01   5.7801e+00
    5  00:00:00   8.2916e+00      6          1.8990e-01   5.7861e+00
    6  00:00:00   8.3070e+00      7          1.7666e-01   5.7976e+00
    7  00:00:00   8.3364e+00      8          1.5149e-01   5.8193e+00
    8  00:00:00   8.3926e+00      9          1.0366e-01   5.8606e+00
    9  00:00:00   8.4564e+00     10          5.0283e-02   5.9070e+00
   10  00:00:00   8.5215e+00     11         -2.7666e-03   5.9538e+00
   11  00:00:00   8.5880e+00     12         -5.5248e-02   6.0011e+00
   12  00:00:00   8.6566e+00     13         -1.0688e-01   6.0495e+00
   13  00:00:00   8.7274e+00     14         -1.5729e-01   6.0991e+00
   14  00:00:00   8.8010e+00     15         -2.0605e-01   6.1503e+00
   15  00:00:00   8.8779e+00     16         -2.5254e-01   6.2036e+00
   16  00:00:00   8.9586e+00     17         -2.9597e-01   6.2594e+00
   17  00:00:00   9.0436e+00     18         -3.3530e-01   6.3183e+00
   18  00:00:00   9.1331e+00     19         -3.6918e-01   6.3804e+00
   19  00:00:00   9.2095e+00     20         -3.9172e-01   6.4338e+00
   20  00:00:00   9.2762e+00     21         -4.0648e-01   6.4806e+00
   21  00:00:00   9.3375e+00     22         -4.1600e-01   6.5239e+00
   22  00:00:00   9.3962e+00     23         -4.2149e-01   6.5655e+00
   23  00:00:00   9.4542e+00     24         -4.2352e-01   6.6069e+00
   24  00:00:00   9.4609e+00     25  FP     -4.2354e-01   6.6117e+00
   24  00:00:00   9.5131e+00     26         -4.2224e-01   6.6491e+00
   25  00:00:00   9.5744e+00     27         -4.1748e-01   6.6933e+00
   26  00:00:00   9.6401e+00     28         -4.0876e-01   6.7408e+00
   27  00:00:00   9.7124e+00     29         -3.9514e-01   6.7933e+00
   28  00:00:00   9.7950e+00     30         -3.7504e-01   6.8535e+00
   29  00:00:00   9.8848e+00     31         -3.4847e-01   6.9190e+00
   30  00:00:00   9.9726e+00     32         -3.1863e-01   6.9832e+00
   31  00:00:00   1.0059e+01     33         -2.8643e-01   7.0461e+00
   32  00:00:01   1.0144e+01     34         -2.5254e-01   7.1082e+00
   33  00:00:01   1.0228e+01     35         -2.1751e-01   7.1696e+00
   34  00:00:01   1.0313e+01     36         -1.8175e-01   7.2306e+00
   35  00:00:01   1.0397e+01     37         -1.4560e-01   7.2914e+00
   36  00:00:01   1.0481e+01     38         -1.0933e-01   7.3521e+00
   37  00:00:01   1.0566e+01     39         -7.3150e-02   7.4128e+00
   38  00:00:01   1.0651e+01     40         -3.7258e-02   7.4738e+00
   39  00:00:01   1.0736e+01     41         -1.8041e-03   7.5349e+00
   40  00:00:01   1.0823e+01     42          3.3082e-02   7.5964e+00
   41  00:00:01   1.0910e+01     43          6.7290e-02   7.6583e+00
   42  00:00:01   1.0998e+01     44          1.0073e-01   7.7206e+00
   43  00:00:01   1.1087e+01     45          1.3332e-01   7.7834e+00
   44  00:00:01   1.1176e+01     46          1.6500e-01   7.8466e+00
   45  00:00:01   1.1267e+01     47          1.9572e-01   7.9103e+00
   46  00:00:01   1.1358e+01     48          2.2544e-01   7.9745e+00
   47  00:00:01   1.1450e+01     49          2.5412e-01   8.0391e+00
   48  00:00:01   1.1543e+01     50          2.8176e-01   8.1042e+00
   49  00:00:01   1.1636e+01     51          3.0832e-01   8.1697e+00
   50  00:00:01   1.1730e+01     52          3.3380e-01   8.2357e+00
   51  00:00:01   1.1825e+01     53          3.5820e-01   8.3021e+00
   52  00:00:01   1.1920e+01     54          3.8153e-01   8.3688e+00
   53  00:00:01   1.2016e+01     55          4.0378e-01   8.4359e+00
   54  00:00:01   1.2112e+01     56          4.2496e-01   8.5034e+00
   55  00:00:01   1.2209e+01     57          4.4510e-01   8.5712e+00
   56  00:00:01   1.2306e+01     58          4.6419e-01   8.6393e+00
   57  00:00:01   1.2403e+01     59          4.8225e-01   8.7076e+00
   58  00:00:01   1.2501e+01     60          4.9930e-01   8.7763e+00
   59  00:00:01   1.2599e+01     61          5.1535e-01   8.8451e+00
   60  00:00:01   1.2697e+01     62          5.3041e-01   8.9142e+00
   61  00:00:02   1.2795e+01     63          5.4449e-01   8.9835e+00
   62  00:00:02   1.2894e+01     64          5.5760e-01   9.0530e+00
   63  00:00:02   1.2993e+01     65          5.6975e-01   9.1227e+00
   64  00:00:02   1.3092e+01     66          5.8095e-01   9.1925e+00
   65  00:00:02   1.3191e+01     67          5.9119e-01   9.2625e+00
   66  00:00:02   1.3290e+01     68          6.0049e-01   9.3326e+00
   67  00:00:02   1.3390e+01     69          6.0884e-01   9.4028e+00
   68  00:00:02   1.3489e+01     70          6.1624e-01   9.4731e+00
   69  00:00:02   1.3589e+01     71          6.2268e-01   9.5435e+00
   70  00:00:02   1.3688e+01     72          6.2816e-01   9.6140e+00
   71  00:00:02   1.3788e+01     73          6.3265e-01   9.6846e+00
   72  00:00:02   1.3887e+01     74          6.3615e-01   9.7552e+00
   73  00:00:02   1.3987e+01     75          6.3864e-01   9.8259e+00
   74  00:00:02   1.4086e+01     76          6.4010e-01   9.8966e+00
   75  00:00:02   1.4174e+01     77  FP      6.4051e-01   9.9590e+00
   75  00:00:02   1.4186e+01     78          6.4051e-01   9.9673e+00
   76  00:00:02   1.4285e+01     79          6.3984e-01   1.0038e+01
   77  00:00:02   1.4384e+01     80          6.3807e-01   1.0109e+01
   78  00:00:02   1.4483e+01     81          6.3517e-01   1.0179e+01
   79  00:00:02   1.4582e+01     82          6.3111e-01   1.0250e+01
   80  00:00:02   1.4681e+01     83          6.2586e-01   1.0320e+01
   81  00:00:02   1.4779e+01     84          6.1940e-01   1.0391e+01
   82  00:00:02   1.4878e+01     85          6.1169e-01   1.0461e+01
   83  00:00:02   1.4975e+01     86          6.0271e-01   1.0531e+01
   84  00:00:02   1.5073e+01     87          5.9243e-01   1.0601e+01
   85  00:00:02   1.5170e+01     88          5.8084e-01   1.0671e+01
   86  00:00:02   1.5267e+01     89          5.6792e-01   1.0741e+01
   87  00:00:02   1.5364e+01     90          5.5366e-01   1.0810e+01
   88  00:00:03   1.5459e+01     91          5.3806e-01   1.0879e+01
   89  00:00:03   1.5555e+01     92          5.2113e-01   1.0947e+01
   90  00:00:03   1.5650e+01     93          5.0288e-01   1.1016e+01
   91  00:00:03   1.5744e+01     94          4.8334e-01   1.1084e+01
   92  00:00:03   1.5838e+01     95          4.6255e-01   1.1151e+01
   93  00:00:03   1.5932e+01     96          4.4055e-01   1.1219e+01
   94  00:00:03   1.6025e+01     97          4.1741e-01   1.1285e+01
   95  00:00:03   1.6117e+01     98          3.9321e-01   1.1352e+01
   96  00:00:03   1.6209e+01     99          3.6801e-01   1.1418e+01
   97  00:00:03   1.6300e+01    100          3.4193e-01   1.1484e+01
   98  00:00:03   1.6391e+01    101          3.1508e-01   1.1549e+01
   99  00:00:03   1.6482e+01    102          2.8756e-01   1.1614e+01
  100  00:00:03   1.6573e+01    103          2.5952e-01   1.1679e+01
  101  00:00:03   1.6663e+01    104          2.3109e-01   1.1744e+01
  102  00:00:03   1.6754e+01    105          2.0244e-01   1.1808e+01
  103  00:00:03   1.6844e+01    106          1.7374e-01   1.1873e+01
  104  00:00:03   1.6935e+01    107          1.4515e-01   1.1938e+01
  105  00:00:03   1.7026e+01    108          1.1688e-01   1.2003e+01
  106  00:00:03   1.7117e+01    109          8.9135e-02   1.2068e+01
  107  00:00:03   1.7209e+01    110          6.2135e-02   1.2133e+01
  108  00:00:03   1.7301e+01    111          3.6115e-02   1.2199e+01
  109  00:00:03   1.7395e+01    112          1.1322e-02   1.2265e+01
  110  00:00:03   1.7489e+01    113         -1.1987e-02   1.2332e+01
  111  00:00:03   1.7584e+01    114         -3.3553e-02   1.2399e+01
  112  00:00:03   1.7680e+01    115         -5.3115e-02   1.2467e+01
  113  00:00:03   1.7777e+01    116         -7.0429e-02   1.2536e+01
  114  00:00:03   1.7874e+01    117         -8.5271e-02   1.2605e+01
  115  00:00:04   1.7973e+01    118         -9.7455e-02   1.2674e+01
  116  00:00:04   1.8072e+01    119         -1.0684e-01   1.2744e+01
  117  00:00:04   1.8171e+01    120         -1.1336e-01   1.2815e+01
  118  00:00:04   1.8271e+01    121         -1.1699e-01   1.2886e+01
  119  00:00:04   1.8349e+01    122  FP     -1.1784e-01   1.2941e+01
  119  00:00:04   1.8371e+01    123         -1.1778e-01   1.2956e+01
  120  00:00:04   1.8470e+01    124         -1.1585e-01   1.3027e+01
  121  00:00:04   1.8570e+01    125         -1.1136e-01   1.3098e+01
  122  00:00:04   1.8669e+01    126         -1.0450e-01   1.3168e+01
  123  00:00:04   1.8768e+01    127         -9.5507e-02   1.3238e+01
  124  00:00:04   1.8866e+01    128         -8.4607e-02   1.3308e+01
  125  00:00:04   1.8964e+01    129         -7.2039e-02   1.3378e+01
  126  00:00:04   1.9062e+01    130         -5.8036e-02   1.3447e+01
  127  00:00:04   1.9159e+01    131         -4.2817e-02   1.3516e+01
  128  00:00:04   1.9256e+01    132         -2.6590e-02   1.3585e+01
  129  00:00:04   1.9353e+01    133         -9.5460e-03   1.3653e+01
  130  00:00:04   1.9450e+01    134          8.1403e-03   1.3722e+01
  131  00:00:04   1.9546e+01    135          2.6310e-02   1.3790e+01
  132  00:00:04   1.9643e+01    136          4.4820e-02   1.3858e+01
  133  00:00:04   1.9739e+01    137          6.3542e-02   1.3927e+01
  134  00:00:04   1.9835e+01    138          8.2360e-02   1.3995e+01
  135  00:00:04   1.9932e+01    139          1.0117e-01   1.4063e+01
  136  00:00:04   2.0028e+01    140          1.1988e-01   1.4131e+01
  137  00:00:04   2.0125e+01    141          1.3842e-01   1.4199e+01
  138  00:00:04   2.0221e+01    142          1.5670e-01   1.4268e+01
  139  00:00:04   2.0318e+01    143          1.7467e-01   1.4336e+01
  140  00:00:05   2.0415e+01    144          1.9226e-01   1.4405e+01
  141  00:00:05   2.0512e+01    145          2.0944e-01   1.4473e+01
  142  00:00:05   2.0609e+01    146          2.2615e-01   1.4542e+01
  143  00:00:05   2.0707e+01    147          2.4236e-01   1.4611e+01
  144  00:00:05   2.0805e+01    148          2.5803e-01   1.4680e+01
  145  00:00:05   2.0903e+01    149          2.7314e-01   1.4749e+01
  146  00:00:05   2.1001e+01    150          2.8766e-01   1.4818e+01
  147  00:00:05   2.1099e+01    151          3.0156e-01   1.4887e+01
  148  00:00:05   2.1197e+01    152          3.1484e-01   1.4957e+01
  149  00:00:05   2.1296e+01    153          3.2746e-01   1.5026e+01
  150  00:00:05   2.1395e+01    154          3.3942e-01   1.5096e+01
  151  00:00:05   2.1493e+01    155          3.5071e-01   1.5166e+01
  152  00:00:05   2.1592e+01    156          3.6130e-01   1.5236e+01
  153  00:00:05   2.1692e+01    157          3.7120e-01   1.5306e+01
  154  00:00:05   2.1791e+01    158          3.8038e-01   1.5376e+01
  155  00:00:05   2.1890e+01    159          3.8885e-01   1.5446e+01
  156  00:00:05   2.1990e+01    160          3.9659e-01   1.5516e+01
  157  00:00:05   2.2089e+01    161          4.0359e-01   1.5587e+01
  158  00:00:05   2.2189e+01    162          4.0985e-01   1.5657e+01
  159  00:00:05   2.2289e+01    163          4.1536e-01   1.5728e+01
  160  00:00:05   2.2388e+01    164          4.2011e-01   1.5798e+01
  161  00:00:05   2.2488e+01    165          4.2409e-01   1.5869e+01
  162  00:00:05   2.2588e+01    166          4.2731e-01   1.5939e+01
  163  00:00:05   2.2688e+01    167          4.2974e-01   1.6010e+01
  164  00:00:05   2.2788e+01    168          4.3139e-01   1.6081e+01
  165  00:00:06   2.2887e+01    169          4.3225e-01   1.6151e+01
  166  00:00:06   2.2945e+01    170  FP      4.3238e-01   1.6192e+01
  166  00:00:06   2.2987e+01    171          4.3231e-01   1.6222e+01
  167  00:00:06   2.3087e+01    172          4.3157e-01   1.6293e+01
  168  00:00:06   2.3187e+01    173          4.3003e-01   1.6364e+01
  169  00:00:06   2.3286e+01    174          4.2768e-01   1.6434e+01
  170  00:00:06   2.3386e+01    175          4.2452e-01   1.6505e+01
  171  00:00:06   2.3485e+01    176          4.2055e-01   1.6575e+01
  172  00:00:06   2.3585e+01    177          4.1579e-01   1.6646e+01
  173  00:00:06   2.3684e+01    178          4.1022e-01   1.6716e+01
  174  00:00:06   2.3783e+01    179          4.0386e-01   1.6787e+01
  175  00:00:06   2.3882e+01    180          3.9671e-01   1.6857e+01
  176  00:00:06   2.3981e+01    181          3.8880e-01   1.6928e+01
  177  00:00:06   2.4080e+01    182          3.8014e-01   1.6998e+01
  178  00:00:06   2.4179e+01    183          3.7076e-01   1.7068e+01
  179  00:00:06   2.4277e+01    184          3.6066e-01   1.7138e+01
  180  00:00:06   2.4376e+01    185          3.4990e-01   1.7208e+01
  181  00:00:06   2.4474e+01    186          3.3850e-01   1.7277e+01
  182  00:00:06   2.4572e+01    187          3.2650e-01   1.7347e+01
  183  00:00:06   2.4670e+01    188          3.1395e-01   1.7417e+01
  184  00:00:06   2.4768e+01    189          3.0090e-01   1.7486e+01
  185  00:00:06   2.4865e+01    190          2.8739e-01   1.7556e+01
  186  00:00:06   2.4963e+01    191          2.7351e-01   1.7625e+01
  187  00:00:06   2.5060e+01    192          2.5930e-01   1.7694e+01
  188  00:00:07   2.5158e+01    193          2.4484e-01   1.7763e+01
  189  00:00:07   2.5255e+01    194          2.3021e-01   1.7833e+01
  190  00:00:07   2.5353e+01    195          2.1548e-01   1.7902e+01
  191  00:00:07   2.5450e+01    196          2.0075e-01   1.7971e+01
  192  00:00:07   2.5548e+01    197          1.8610e-01   1.8040e+01
  193  00:00:07   2.5645e+01    198          1.7161e-01   1.8109e+01
  194  00:00:07   2.5743e+01    199          1.5740e-01   1.8179e+01
  195  00:00:07   2.5841e+01    200          1.4354e-01   1.8248e+01
  196  00:00:07   2.5939e+01    201          1.3014e-01   1.8317e+01
  197  00:00:07   2.6037e+01    202          1.1729e-01   1.8387e+01
  198  00:00:07   2.6135e+01    203          1.0508e-01   1.8457e+01
  199  00:00:07   2.6233e+01    204          9.3617e-02   1.8526e+01
  200  00:00:07   2.6332e+01    205          8.2974e-02   1.8596e+01
  201  00:00:07   2.6431e+01    206          7.3233e-02   1.8666e+01
  202  00:00:07   2.6530e+01    207          6.4466e-02   1.8736e+01
  203  00:00:07   2.6629e+01    208          5.6737e-02   1.8807e+01
  204  00:00:07   2.6729e+01    209          5.0097e-02   1.8877e+01
  205  00:00:07   2.6828e+01    210          4.4585e-02   1.8948e+01
  206  00:00:07   2.6928e+01    211          4.0229e-02   1.9018e+01
  207  00:00:07   2.7028e+01    212          3.7042e-02   1.9089e+01
  208  00:00:07   2.7127e+01    213          3.5025e-02   1.9160e+01
  209  00:00:07   2.7227e+01    214          3.4165e-02   1.9230e+01
  210  00:00:07   2.7253e+01    215  FP      3.4129e-02   1.9248e+01
  210  00:00:08   2.7327e+01    216          3.4438e-02   1.9301e+01
  211  00:00:08   2.7427e+01    217          3.5807e-02   1.9372e+01
  212  00:00:08   2.7527e+01    218          3.8226e-02   1.9442e+01
  213  00:00:08   2.7627e+01    219          4.1641e-02   1.9513e+01
  214  00:00:08   2.7726e+01    220          4.5989e-02   1.9584e+01
  215  00:00:08   2.7826e+01    221          5.1204e-02   1.9654e+01
  216  00:00:08   2.7926e+01    222          5.7215e-02   1.9725e+01
  217  00:00:08   2.8025e+01    223          6.3948e-02   1.9795e+01
  218  00:00:08   2.8124e+01    224          7.1329e-02   1.9865e+01
  219  00:00:08   2.8224e+01    225          7.9284e-02   1.9935e+01
  220  00:00:08   2.8323e+01    226          8.7737e-02   2.0006e+01
  221  00:00:08   2.8422e+01    227          9.6618e-02   2.0076e+01
  222  00:00:08   2.8521e+01    228          1.0586e-01   2.0146e+01
  223  00:00:08   2.8620e+01    229          1.1538e-01   2.0216e+01
  224  00:00:08   2.8719e+01    230          1.2514e-01   2.0286e+01
  225  00:00:08   2.8818e+01    231          1.3505e-01   2.0356e+01
  226  00:00:08   2.8917e+01    232          1.4508e-01   2.0426e+01
  227  00:00:08   2.9016e+01    233          1.5515e-01   2.0496e+01
  228  00:00:08   2.9115e+01    234          1.6523e-01   2.0566e+01
  229  00:00:08   2.9214e+01    235          1.7526e-01   2.0636e+01
  230  00:00:08   2.9313e+01    236          1.8520e-01   2.0706e+01
  231  00:00:08   2.9412e+01    237          1.9501e-01   2.0776e+01
  232  00:00:09   2.9511e+01    238          2.0465e-01   2.0846e+01
  233  00:00:09   2.9611e+01    239          2.1408e-01   2.0916e+01
  234  00:00:09   2.9710e+01    240          2.2327e-01   2.0986e+01
  235  00:00:09   2.9809e+01    241          2.3220e-01   2.1056e+01
  236  00:00:09   2.9908e+01    242          2.4083e-01   2.1127e+01
  237  00:00:09   3.0008e+01    243          2.4914e-01   2.1197e+01
  238  00:00:09   3.0107e+01    244          2.5711e-01   2.1267e+01
  239  00:00:09   3.0206e+01    245          2.6471e-01   2.1337e+01
  240  00:00:09   3.0306e+01    246          2.7193e-01   2.1408e+01
  241  00:00:09   3.0406e+01    247          2.7875e-01   2.1478e+01
  242  00:00:09   3.0505e+01    248          2.8515e-01   2.1549e+01
  243  00:00:09   3.0605e+01    249          2.9112e-01   2.1619e+01
  244  00:00:09   3.0705e+01    250          2.9665e-01   2.1690e+01
  245  00:00:09   3.0804e+01    251          3.0172e-01   2.1760e+01
  246  00:00:09   3.0904e+01    252          3.0632e-01   2.1831e+01
  247  00:00:09   3.1004e+01    253          3.1045e-01   2.1901e+01
  248  00:00:09   3.1104e+01    254          3.1409e-01   2.1972e+01
  249  00:00:09   3.1204e+01    255          3.1724e-01   2.2042e+01
  250  00:00:09   3.1303e+01    256          3.1990e-01   2.2113e+01
  251  00:00:09   3.1403e+01    257          3.2206e-01   2.2184e+01
  252  00:00:09   3.1503e+01    258          3.2371e-01   2.2254e+01
  253  00:00:10   3.1603e+01    259          3.2485e-01   2.2325e+01
  254  00:00:10   3.1703e+01    260          3.2549e-01   2.2396e+01
  255  00:00:10   3.1778e+01    261  FP      3.2563e-01   2.2449e+01
  255  00:00:10   3.1803e+01    262          3.2562e-01   2.2467e+01
  256  00:00:10   3.1903e+01    263          3.2524e-01   2.2537e+01
  257  00:00:10   3.2003e+01    264          3.2436e-01   2.2608e+01
  258  00:00:10   3.2103e+01    265          3.2298e-01   2.2679e+01
  259  00:00:10   3.2202e+01    266          3.2111e-01   2.2749e+01
  260  00:00:10   3.2302e+01    267          3.1875e-01   2.2820e+01
  261  00:00:10   3.2402e+01    268          3.1591e-01   2.2891e+01
  262  00:00:10   3.2502e+01    269          3.1261e-01   2.2961e+01
  263  00:00:10   3.2601e+01    270          3.0885e-01   2.3032e+01
  264  00:00:10   3.2701e+01    271          3.0466e-01   2.3103e+01
  265  00:00:10   3.2801e+01    272          3.0004e-01   2.3173e+01
  266  00:00:10   3.2900e+01    273          2.9502e-01   2.3244e+01
  267  00:00:10   3.3000e+01    274          2.8961e-01   2.3314e+01
  268  00:00:10   3.3099e+01    275          2.8384e-01   2.3385e+01
  269  00:00:10   3.3199e+01    276          2.7774e-01   2.3455e+01
  270  00:00:10   3.3298e+01    277          2.7133e-01   2.3526e+01
  271  00:00:10   3.3398e+01    278          2.6463e-01   2.3596e+01
  272  00:00:10   3.3497e+01    279          2.5769e-01   2.3666e+01
  273  00:00:10   3.3596e+01    280          2.5053e-01   2.3737e+01
  274  00:00:11   3.3695e+01    281          2.4319e-01   2.3807e+01
  275  00:00:11   3.3795e+01    282          2.3570e-01   2.3877e+01
  276  00:00:11   3.3894e+01    283          2.2811e-01   2.3948e+01
  277  00:00:11   3.3993e+01    284          2.2045e-01   2.4018e+01
  278  00:00:11   3.4092e+01    285          2.1276e-01   2.4088e+01
  279  00:00:11   3.4192e+01    286          2.0509e-01   2.4158e+01
  280  00:00:11   3.4291e+01    287          1.9748e-01   2.4229e+01
  281  00:00:11   3.4390e+01    288          1.8997e-01   2.4299e+01
  282  00:00:11   3.4489e+01    289          1.8261e-01   2.4369e+01
  283  00:00:11   3.4589e+01    290          1.7543e-01   2.4440e+01
  284  00:00:11   3.4688e+01    291          1.6848e-01   2.4510e+01
  285  00:00:11   3.4788e+01    292          1.6180e-01   2.4580e+01
  286  00:00:11   3.4887e+01    293          1.5544e-01   2.4651e+01
  287  00:00:11   3.4987e+01    294          1.4942e-01   2.4721e+01
  288  00:00:11   3.5086e+01    295          1.4378e-01   2.4792e+01
  289  00:00:11   3.5186e+01    296          1.3856e-01   2.4862e+01
  290  00:00:11   3.5285e+01    297          1.3379e-01   2.4933e+01
  291  00:00:11   3.5385e+01    298          1.2948e-01   2.5003e+01
  292  00:00:11   3.5485e+01    299          1.2567e-01   2.5074e+01
  293  00:00:11   3.5585e+01    300          1.2237e-01   2.5145e+01
  294  00:00:11   3.5684e+01    301          1.1959e-01   2.5215e+01
  295  00:00:12   3.5784e+01    302          1.1735e-01   2.5286e+01
  296  00:00:12   3.5884e+01    303          1.1565e-01   2.5357e+01
  297  00:00:12   3.5984e+01    304          1.1449e-01   2.5427e+01
  298  00:00:12   3.6084e+01    305          1.1387e-01   2.5498e+01
  299  00:00:12   3.6151e+01    306  FP      1.1375e-01   2.5545e+01
  299  00:00:12   3.6184e+01    307          1.1378e-01   2.5569e+01
  300  00:00:12   3.6284e+01    308          1.1421e-01   2.5640e+01
  301  00:00:12   3.6384e+01    309          1.1515e-01   2.5710e+01
  302  00:00:12   3.6484e+01    310          1.1657e-01   2.5781e+01
  303  00:00:12   3.6584e+01    311          1.1847e-01   2.5852e+01
  304  00:00:12   3.6684e+01    312          1.2080e-01   2.5922e+01
  305  00:00:12   3.6783e+01    313          1.2355e-01   2.5993e+01
  306  00:00:12   3.6883e+01    314          1.2670e-01   2.6064e+01
  307  00:00:12   3.6983e+01    315          1.3020e-01   2.6134e+01
  308  00:00:12   3.7083e+01    316          1.3403e-01   2.6205e+01
  309  00:00:12   3.7183e+01    317          1.3816e-01   2.6275e+01
  310  00:00:12   3.7283e+01    318          1.4256e-01   2.6346e+01
  311  00:00:12   3.7382e+01    319          1.4720e-01   2.6417e+01
  312  00:00:12   3.7482e+01    320          1.5204e-01   2.6487e+01
  313  00:00:13   3.7582e+01    321          1.5705e-01   2.6558e+01
  314  00:00:13   3.7682e+01    322          1.6220e-01   2.6628e+01
  315  00:00:13   3.7781e+01    323          1.6747e-01   2.6699e+01
  316  00:00:13   3.7881e+01    324          1.7281e-01   2.6769e+01
  317  00:00:13   3.7981e+01    325          1.7820e-01   2.6840e+01
  318  00:00:13   3.8080e+01    326          1.8362e-01   2.6910e+01
  319  00:00:13   3.8180e+01    327          1.8904e-01   2.6981e+01
  320  00:00:13   3.8280e+01    328          1.9442e-01   2.7051e+01
  321  00:00:13   3.8379e+01    329          1.9975e-01   2.7122e+01
  322  00:00:13   3.8479e+01    330          2.0501e-01   2.7192e+01
  323  00:00:13   3.8579e+01    331          2.1016e-01   2.7263e+01
  324  00:00:13   3.8679e+01    332          2.1520e-01   2.7333e+01
  325  00:00:13   3.8778e+01    333          2.2009e-01   2.7404e+01
  326  00:00:13   3.8878e+01    334          2.2483e-01   2.7474e+01
  327  00:00:13   3.8978e+01    335          2.2939e-01   2.7545e+01
  328  00:00:13   3.9078e+01    336          2.3376e-01   2.7616e+01
  329  00:00:13   3.9178e+01    337          2.3792e-01   2.7686e+01
  330  00:00:13   3.9277e+01    338          2.4186e-01   2.7757e+01
  331  00:00:13   3.9377e+01    339          2.4557e-01   2.7827e+01
  332  00:00:14   3.9477e+01    340          2.4904e-01   2.7898e+01
  333  00:00:14   3.9577e+01    341          2.5225e-01   2.7969e+01
  334  00:00:14   3.9677e+01    342          2.5519e-01   2.8039e+01
  335  00:00:14   3.9777e+01    343          2.5787e-01   2.8110e+01
  336  00:00:14   3.9877e+01    344          2.6027e-01   2.8181e+01
  337  00:00:14   3.9977e+01    345          2.6238e-01   2.8251e+01
  338  00:00:14   4.0077e+01    346          2.6420e-01   2.8322e+01
  339  00:00:14   4.0176e+01    347          2.6572e-01   2.8393e+01
  340  00:00:14   4.0276e+01    348          2.6695e-01   2.8463e+01
  341  00:00:14   4.0376e+01    349          2.6789e-01   2.8534e+01
  342  00:00:14   4.0476e+01    350          2.6852e-01   2.8605e+01
  343  00:00:14   4.0576e+01    351          2.6885e-01   2.8675e+01
  344  00:00:14   4.0638e+01    352  FP      2.6891e-01   2.8719e+01
  344  00:00:14   4.0676e+01    353          2.6889e-01   2.8746e+01
  345  00:00:14   4.0776e+01    354          2.6863e-01   2.8817e+01
  346  00:00:14   4.0876e+01    355          2.6807e-01   2.8888e+01
  347  00:00:14   4.0976e+01    356          2.6723e-01   2.8958e+01
  348  00:00:14   4.1076e+01    357          2.6611e-01   2.9029e+01
  349  00:00:15   4.1176e+01    358          2.6471e-01   2.9100e+01
  350  00:00:15   4.1276e+01    359          2.6305e-01   2.9170e+01
  351  00:00:15   4.1376e+01    360          2.6113e-01   2.9241e+01
  352  00:00:15   4.1475e+01    361          2.5896e-01   2.9312e+01
  353  00:00:15   4.1575e+01    362          2.5655e-01   2.9382e+01
  354  00:00:15   4.1675e+01    363          2.5391e-01   2.9453e+01
  355  00:00:15   4.1775e+01    364          2.5107e-01   2.9524e+01
  356  00:00:15   4.1875e+01    365          2.4802e-01   2.9594e+01
  357  00:00:15   4.1975e+01    366          2.4479e-01   2.9665e+01
  358  00:00:15   4.2074e+01    367          2.4140e-01   2.9736e+01
  359  00:00:15   4.2174e+01    368          2.3786e-01   2.9806e+01
  360  00:00:15   4.2274e+01    369          2.3418e-01   2.9877e+01
  361  00:00:15   4.2374e+01    370          2.3039e-01   2.9948e+01
  362  00:00:15   4.2473e+01    371          2.2651e-01   3.0018e+01
  363  00:00:15   4.2573e+01    372          2.2255e-01   3.0089e+01
  364  00:00:15   4.2673e+01    373          2.1854e-01   3.0159e+01
  365  00:00:15   4.2773e+01    374          2.1450e-01   3.0230e+01
  366  00:00:15   4.2872e+01    375          2.1044e-01   3.0301e+01
  367  00:00:16   4.2972e+01    376          2.0640e-01   3.0371e+01
  368  00:00:16   4.3072e+01    377          2.0239e-01   3.0442e+01
  369  00:00:16   4.3172e+01    378          1.9842e-01   3.0512e+01
  370  00:00:16   4.3272e+01    379          1.9454e-01   3.0583e+01
  371  00:00:16   4.3371e+01    380          1.9074e-01   3.0654e+01
  372  00:00:16   4.3471e+01    381          1.8706e-01   3.0724e+01
  373  00:00:16   4.3571e+01    382          1.8351e-01   3.0795e+01
  374  00:00:16   4.3671e+01    383          1.8012e-01   3.0865e+01
  375  00:00:16   4.3770e+01    384          1.7689e-01   3.0936e+01
  376  00:00:16   4.3870e+01    385          1.7385e-01   3.1007e+01
  377  00:00:16   4.3970e+01    386          1.7101e-01   3.1077e+01
  378  00:00:16   4.4070e+01    387          1.6839e-01   3.1148e+01
  379  00:00:16   4.4170e+01    388          1.6599e-01   3.1219e+01
  380  00:00:16   4.4270e+01    389          1.6384e-01   3.1289e+01
  381  00:00:16   4.4370e+01    390          1.6193e-01   3.1360e+01
  382  00:00:16   4.4470e+01    391          1.6027e-01   3.1431e+01
  383  00:00:16   4.4570e+01    392          1.5888e-01   3.1501e+01
  384  00:00:16   4.4670e+01    393          1.5775e-01   3.1572e+01
  385  00:00:17   4.4769e+01    394          1.5689e-01   3.1643e+01
  386  00:00:17   4.4869e+01    395          1.5629e-01   3.1714e+01
  387  00:00:17   4.4969e+01    396          1.5596e-01   3.1784e+01
  388  00:00:17   4.5043e+01    397  FP      1.5589e-01   3.1837e+01
  388  00:00:17   4.5069e+01    398          1.5590e-01   3.1855e+01
  389  00:00:17   4.5169e+01    399          1.5610e-01   3.1926e+01
  390  00:00:17   4.5269e+01    400          1.5655e-01   3.1996e+01
  391  00:00:17   4.5369e+01    401          1.5724e-01   3.2067e+01
  392  00:00:17   4.5469e+01    402          1.5818e-01   3.2138e+01
  393  00:00:17   4.5569e+01    403          1.5934e-01   3.2208e+01
  394  00:00:17   4.5669e+01    404          1.6072e-01   3.2279e+01
  395  00:00:17   4.5769e+01    405          1.6230e-01   3.2350e+01
  396  00:00:17   4.5869e+01    406          1.6407e-01   3.2421e+01
  397  00:00:17   4.5969e+01    407          1.6602e-01   3.2491e+01
  398  00:00:17   4.6069e+01    408          1.6814e-01   3.2562e+01
  399  00:00:17   4.6169e+01    409          1.7040e-01   3.2633e+01
  400  00:00:17   4.6269e+01    410          1.7280e-01   3.2703e+01
  401  00:00:18   4.6369e+01    411          1.7531e-01   3.2774e+01
  402  00:00:18   4.6468e+01    412          1.7793e-01   3.2845e+01
  403  00:00:18   4.6568e+01    413          1.8064e-01   3.2915e+01
  404  00:00:18   4.6668e+01    414          1.8341e-01   3.2986e+01
  405  00:00:18   4.6768e+01    415          1.8624e-01   3.3057e+01
  406  00:00:18   4.6868e+01    416          1.8912e-01   3.3127e+01
  407  00:00:18   4.6968e+01    417          1.9201e-01   3.3198e+01
  408  00:00:18   4.7068e+01    418          1.9492e-01   3.3268e+01
  409  00:00:18   4.7168e+01    419          1.9782e-01   3.3339e+01
  410  00:00:18   4.7268e+01    420          2.0071e-01   3.3410e+01
  411  00:00:18   4.7368e+01    421          2.0356e-01   3.3480e+01
  412  00:00:18   4.7467e+01    422          2.0637e-01   3.3551e+01
  413  00:00:18   4.7567e+01    423          2.0912e-01   3.3622e+01
  414  00:00:18   4.7667e+01    424          2.1180e-01   3.3692e+01
  415  00:00:18   4.7767e+01    425          2.1440e-01   3.3763e+01
  416  00:00:18   4.7867e+01    426          2.1691e-01   3.3834e+01
  417  00:00:18   4.7967e+01    427          2.1931e-01   3.3904e+01
  418  00:00:18   4.8067e+01    428          2.2161e-01   3.3975e+01
  419  00:00:19   4.8167e+01    429          2.2379e-01   3.4046e+01
  420  00:00:19   4.8267e+01    430          2.2584e-01   3.4116e+01
  421  00:00:19   4.8367e+01    431          2.2775e-01   3.4187e+01
  422  00:00:19   4.8467e+01    432          2.2953e-01   3.4258e+01
  423  00:00:19   4.8567e+01    433          2.3116e-01   3.4329e+01
  424  00:00:19   4.8667e+01    434          2.3263e-01   3.4399e+01
  425  00:00:19   4.8767e+01    435          2.3395e-01   3.4470e+01
  426  00:00:19   4.8867e+01    436          2.3511e-01   3.4541e+01
  427  00:00:19   4.8967e+01    437          2.3611e-01   3.4611e+01
  428  00:00:19   4.9066e+01    438          2.3693e-01   3.4682e+01
  429  00:00:19   4.9166e+01    439          2.3760e-01   3.4753e+01
  430  00:00:19   4.9266e+01    440          2.3809e-01   3.4823e+01
  431  00:00:19   4.9366e+01    441          2.3841e-01   3.4894e+01
  432  00:00:19   4.9466e+01    442          2.3857e-01   3.4965e+01
  433  00:00:19   4.9510e+01    443  FP      2.3858e-01   3.4996e+01
  433  00:00:19   4.9566e+01    444          2.3856e-01   3.5036e+01
  434  00:00:20   4.9666e+01    445          2.3838e-01   3.5106e+01
  435  00:00:20   4.9766e+01    446          2.3804e-01   3.5177e+01
  436  00:00:20   4.9866e+01    447          2.3755e-01   3.5248e+01
  437  00:00:20   4.9966e+01    448          2.3689e-01   3.5318e+01
  438  00:00:20   5.0066e+01    449          2.3609e-01   3.5389e+01
  439  00:00:20   5.0166e+01    450          2.3514e-01   3.5460e+01
  440  00:00:20   5.0266e+01    451          2.3405e-01   3.5531e+01
  441  00:00:20   5.0366e+01    452          2.3283e-01   3.5601e+01
  442  00:00:20   5.0466e+01    453          2.3148e-01   3.5672e+01
  443  00:00:20   5.0566e+01    454          2.3001e-01   3.5743e+01
  444  00:00:20   5.0666e+01    455          2.2843e-01   3.5813e+01
  445  00:00:20   5.0766e+01    456          2.2675e-01   3.5884e+01
  446  00:00:20   5.0866e+01    457          2.2498e-01   3.5955e+01
  447  00:00:20   5.0965e+01    458          2.2312e-01   3.6025e+01
  448  00:00:20   5.1065e+01    459          2.2119e-01   3.6096e+01
  449  00:00:20   5.1165e+01    460          2.1920e-01   3.6167e+01
  450  00:00:20   5.1265e+01    461          2.1715e-01   3.6237e+01
  451  00:00:21   5.1365e+01    462          2.1506e-01   3.6308e+01
  452  00:00:21   5.1465e+01    463          2.1294e-01   3.6379e+01
  453  00:00:21   5.1565e+01    464          2.1080e-01   3.6449e+01
  454  00:00:21   5.1665e+01    465          2.0865e-01   3.6520e+01
  455  00:00:21   5.1765e+01    466          2.0650e-01   3.6591e+01
  456  00:00:21   5.1865e+01    467          2.0437e-01   3.6661e+01
  457  00:00:21   5.1964e+01    468          2.0225e-01   3.6732e+01
  458  00:00:21   5.2064e+01    469          2.0018e-01   3.6803e+01
  459  00:00:21   5.2164e+01    470          1.9814e-01   3.6874e+01
  460  00:00:21   5.2264e+01    471          1.9617e-01   3.6944e+01
  461  00:00:21   5.2364e+01    472          1.9425e-01   3.7015e+01
  462  00:00:21   5.2464e+01    473          1.9241e-01   3.7086e+01
  463  00:00:21   5.2564e+01    474          1.9066e-01   3.7156e+01
  464  00:00:21   5.2664e+01    475          1.8900e-01   3.7227e+01
  465  00:00:21   5.2764e+01    476          1.8743e-01   3.7298e+01
  466  00:00:21   5.2864e+01    477          1.8597e-01   3.7368e+01
  467  00:00:22   5.2963e+01    478          1.8464e-01   3.7439e+01
  468  00:00:22   5.3057e+01    479          1.8348e-01   3.7505e+01
  469  00:00:22   5.3146e+01    480          1.8249e-01   3.7568e+01
  470  00:00:22   5.3231e+01    481          1.8163e-01   3.7628e+01
  471  00:00:22   5.3314e+01    482          1.8088e-01   3.7687e+01
  472  00:00:22   5.3394e+01    483          1.8025e-01   3.7744e+01
  473  00:00:22   5.3473e+01    484          1.7972e-01   3.7799e+01
  474  00:00:22   5.3550e+01    485          1.7927e-01   3.7854e+01
  475  00:00:22   5.3625e+01    486          1.7892e-01   3.7907e+01
  476  00:00:22   5.3700e+01    487          1.7864e-01   3.7960e+01
  477  00:00:22   5.3774e+01    488          1.7845e-01   3.8013e+01
  478  00:00:22   5.3848e+01    489          1.7833e-01   3.8065e+01
  479  00:00:22   5.3922e+01    490          1.7828e-01   3.8117e+01
  480  00:00:22   5.3932e+01    491  FP      1.7828e-01   3.8124e+01
  480  00:00:22   5.3995e+01    492          1.7830e-01   3.8169e+01
  481  00:00:23   5.4069e+01    493          1.7840e-01   3.8221e+01
  482  00:00:23   5.4144e+01    494          1.7857e-01   3.8274e+01
  483  00:00:23   5.4219e+01    495          1.7882e-01   3.8327e+01
  484  00:00:23   5.4295e+01    496          1.7914e-01   3.8381e+01
  485  00:00:23   5.4373e+01    497          1.7954e-01   3.8436e+01
  486  00:00:23   5.4452e+01    498          1.8001e-01   3.8492e+01
  487  00:00:23   5.4533e+01    499          1.8058e-01   3.8549e+01
  488  00:00:23   5.4616e+01    500          1.8124e-01   3.8608e+01
  489  00:00:23   5.4703e+01    501          1.8200e-01   3.8669e+01
  490  00:00:23   5.4794e+01    502          1.8287e-01   3.8734e+01
  491  00:00:23   5.4890e+01    503          1.8388e-01   3.8801e+01
  492  00:00:23   5.4990e+01    504          1.8501e-01   3.8872e+01
  493  00:00:23   5.5090e+01    505          1.8622e-01   3.8943e+01
  494  00:00:23   5.5190e+01    506          1.8750e-01   3.9013e+01
  495  00:00:23   5.5290e+01    507          1.8884e-01   3.9084e+01
  496  00:00:24   5.5390e+01    508          1.9024e-01   3.9155e+01
  497  00:00:24   5.5489e+01    509          1.9169e-01   3.9226e+01
  498  00:00:24   5.5589e+01    510          1.9317e-01   3.9296e+01
  499  00:00:24   5.5689e+01    511          1.9468e-01   3.9367e+01
  500  00:00:24   5.5789e+01    512  EP      1.9622e-01   3.9438e+01

 STEP      TIME        ||U||  LABEL  TYPE             r            T
    0  00:00:24   8.2752e+00    513  EP      2.0400e-01   5.7739e+00
    1  00:00:24   8.2746e+00    514          2.0453e-01   5.7734e+00
    2  00:00:24   8.2734e+00    515          2.0555e-01   5.7725e+00
    3  00:00:24   8.2712e+00    516          2.0748e-01   5.7708e+00
    4  00:00:24   8.2669e+00    517          2.1114e-01   5.7677e+00
    5  00:00:24   8.2588e+00    518          2.1809e-01   5.7616e+00
    6  00:00:24   8.2435e+00    519          2.3129e-01   5.7501e+00
    7  00:00:24   8.2144e+00    520          2.5631e-01   5.7282e+00
    8  00:00:24   8.1592e+00    521          3.0362e-01   5.6863e+00
    9  00:00:24   8.0974e+00    522          3.5607e-01   5.6388e+00
   10  00:00:25   8.0353e+00    523          4.0786e-01   5.5907e+00
   11  00:00:25   7.9726e+00    524          4.5882e-01   5.5417e+00
   12  00:00:25   7.9092e+00    525          5.0880e-01   5.4916e+00
   13  00:00:25   7.8448e+00    526          5.5762e-01   5.4405e+00
   14  00:00:25   7.7792e+00    527          6.0512e-01   5.3881e+00
   15  00:00:25   7.7123e+00    528          6.5111e-01   5.3344e+00
   16  00:00:25   7.6439e+00    529          6.9542e-01   5.2793e+00
   17  00:00:25   7.5739e+00    530          7.3789e-01   5.2227e+00
   18  00:00:25   7.5021e+00    531          7.7835e-01   5.1647e+00
   19  00:00:25   7.4285e+00    532          8.1667e-01   5.1053e+00
   20  00:00:25   7.3531e+00    533          8.5272e-01   5.0444e+00
   21  00:00:25   7.2759e+00    534          8.8643e-01   4.9822e+00
   22  00:00:25   7.1969e+00    535          9.1773e-01   4.9188e+00
   23  00:00:25   7.1163e+00    536          9.4662e-01   4.8543e+00
   24  00:00:25   7.0341e+00    537          9.7311e-01   4.7887e+00
   25  00:00:26   6.9505e+00    538          9.9725e-01   4.7222e+00
   26  00:00:26   6.8655e+00    539          1.0191e+00   4.6550e+00
   27  00:00:26   6.7795e+00    540          1.0388e+00   4.5871e+00
   28  00:00:26   6.6924e+00    541          1.0565e+00   4.5186e+00
   29  00:00:26   6.6045e+00    542          1.0723e+00   4.4496e+00
   30  00:00:26   6.5158e+00    543          1.0862e+00   4.3803e+00
   31  00:00:26   6.4264e+00    544          1.0986e+00   4.3107e+00
   32  00:00:26   6.3365e+00    545          1.1094e+00   4.2408e+00
   33  00:00:26   6.2462e+00    546          1.1188e+00   4.1707e+00
   34  00:00:26   6.1554e+00    547          1.1270e+00   4.1005e+00
   35  00:00:26   6.0644e+00    548          1.1341e+00   4.0301e+00
   36  00:00:26   5.9732e+00    549          1.1401e+00   3.9597e+00
   37  00:00:26   5.8817e+00    550          1.1451e+00   3.8891e+00
   38  00:00:26   5.7901e+00    551          1.1493e+00   3.8186e+00
   39  00:00:27   5.6985e+00    552          1.1528e+00   3.7479e+00
   40  00:00:27   5.6068e+00    553          1.1555e+00   3.6773e+00
   41  00:00:27   5.5151e+00    554          1.1576e+00   3.6066e+00
   42  00:00:27   5.4234e+00    555          1.1591e+00   3.5359e+00
   43  00:00:27   5.3318e+00    556          1.1601e+00   3.4652e+00
   44  00:00:27   5.2403e+00    557          1.1607e+00   3.3945e+00
   45  00:00:27   5.1712e+00    558  FP      1.1608e+00   3.3410e+00
   45  00:00:27   5.1488e+00    559          1.1608e+00   3.3238e+00
   46  00:00:27   5.0576e+00    560          1.1605e+00   3.2531e+00
   47  00:00:27   4.9665e+00    561          1.1598e+00   3.1824e+00
   48  00:00:27   4.8756e+00    562          1.1589e+00   3.1116e+00
   49  00:00:27   4.7850e+00    563          1.1576e+00   3.0409e+00
   50  00:00:27   4.6946e+00    564          1.1561e+00   2.9703e+00
   51  00:00:27   4.6045e+00    565          1.1544e+00   2.8996e+00
   52  00:00:28   4.5147e+00    566          1.1524e+00   2.8289e+00
   53  00:00:28   4.4252e+00    567          1.1502e+00   2.7582e+00
   54  00:00:28   4.3361e+00    568          1.1479e+00   2.6875e+00
   55  00:00:28   4.2474e+00    569          1.1454e+00   2.6169e+00
   56  00:00:28   4.1592e+00    570          1.1427e+00   2.5462e+00
   57  00:00:28   4.0714e+00    571          1.1399e+00   2.4756e+00
   58  00:00:28   3.9841e+00    572          1.1369e+00   2.4049e+00
   59  00:00:28   3.8974e+00    573          1.1339e+00   2.3343e+00
   60  00:00:28   3.8113e+00    574          1.1307e+00   2.2636e+00
   61  00:00:28   3.7258e+00    575          1.1274e+00   2.1930e+00
   62  00:00:28   3.6410e+00    576          1.1241e+00   2.1224e+00
   63  00:00:28   3.5569e+00    577          1.1206e+00   2.0517e+00
   64  00:00:28   3.4736e+00    578          1.1171e+00   1.9811e+00
   65  00:00:29   3.3912e+00    579          1.1135e+00   1.9105e+00
   66  00:00:29   3.3098e+00    580          1.1098e+00   1.8399e+00
   67  00:00:29   3.2293e+00    581          1.1061e+00   1.7693e+00
   68  00:00:29   3.1499e+00    582          1.1023e+00   1.6986e+00
   69  00:00:29   3.0717e+00    583          1.0984e+00   1.6280e+00
   70  00:00:29   2.9947e+00    584          1.0946e+00   1.5574e+00
   71  00:00:29   2.9191e+00    585          1.0906e+00   1.4868e+00
   72  00:00:29   2.8450e+00    586          1.0866e+00   1.4162e+00
   73  00:00:29   2.7725e+00    587          1.0826e+00   1.3456e+00
   74  00:00:29   2.7016e+00    588          1.0785e+00   1.2750e+00
   75  00:00:29   2.6327e+00    589          1.0744e+00   1.2045e+00
   76  00:00:29   2.5658e+00    590          1.0703e+00   1.1339e+00
   77  00:00:29   2.5011e+00    591          1.0661e+00   1.0633e+00
   78  00:00:30   2.4387e+00    592          1.0619e+00   9.9270e-01
   79  00:00:30   2.3788e+00    593          1.0577e+00   9.2211e-01
   80  00:00:30   2.3217e+00    594          1.0534e+00   8.5153e-01
   81  00:00:30   2.2676e+00    595          1.0491e+00   7.8095e-01
   82  00:00:30   2.2166e+00    596          1.0448e+00   7.1037e-01
   83  00:00:30   2.1690e+00    597          1.0405e+00   6.3979e-01
   84  00:00:30   2.1251e+00    598          1.0361e+00   5.6922e-01
   85  00:00:30   2.0850e+00    599          1.0317e+00   4.9864e-01
   86  00:00:30   2.0489e+00    600          1.0273e+00   4.2807e-01
   87  00:00:30   2.0172e+00    601          1.0228e+00   3.5750e-01
   88  00:00:30   1.9899e+00    602          1.0184e+00   2.8693e-01
   89  00:00:30   1.9674e+00    603          1.0139e+00   2.1636e-01
   90  00:00:30   1.9497e+00    604          1.0094e+00   1.4580e-01
   91  00:00:30   1.9369e+00    605          1.0049e+00   7.5229e-02
   92  00:00:31   1.9294e+00    606          1.0004e+00   4.6626e-03
   93  00:00:31   1.9292e+00    607  BP      1.0002e+00   1.7371e-05
   93  00:00:31   1.9268e+00    608  MX      9.9573e-01  -6.5938e-02
