
    STEP   DAMPING               NORMS              COMPUTATION TIMES
  IT SIT     GAMMA     ||d||     ||f||     ||U||   F(x)  DF(x)  SOLVE
   0                          4.88e-05  1.44e+01    0.0    0.0    0.0
   1   1  1.00e+00  3.36e-04  5.43e-11  1.44e+01    0.0    0.0    0.0
   2   1  1.00e+00  3.74e-10  6.06e-16  1.44e+01    0.0    0.0    0.0

 STEP      TIME        ||U||  LABEL  TYPE            b3            T
    0  00:00:00   1.4444e+01      1  EP      1.6002e+00   1.0000e+01
    1  00:00:00   1.4443e+01      2          1.6002e+00   9.9993e+00
    2  00:00:00   1.4441e+01      3          1.6002e+00   9.9979e+00
    3  00:00:00   1.4437e+01      4          1.6001e+00   9.9954e+00
    4  00:00:00   1.4431e+01      5          1.5999e+00   9.9905e+00
    5  00:00:00   1.4418e+01      6          1.5996e+00   9.9813e+00
    6  00:00:00   1.4393e+01      7          1.5991e+00   9.9638e+00
    7  00:00:00   1.4347e+01      8          1.5980e+00   9.9306e+00
    8  00:00:00   1.4259e+01      9          1.5960e+00   9.8674e+00
    9  00:00:00   1.4092e+01     10          1.5922e+00   9.7474e+00
   10  00:00:00   1.3775e+01     11          1.5854e+00   9.5193e+00
   11  00:00:00   1.3174e+01     12          1.5733e+00   9.0859e+00
   12  00:00:00   1.2197e+01     13          1.5565e+00   8.3790e+00
   13  00:00:00   1.1224e+01     14          1.5435e+00   7.6720e+00
   14  00:00:00   1.0258e+01     15          1.5351e+00   6.9650e+00
   15  00:00:00   9.3225e+00     16  FP      1.5322e+00   6.2736e+00
   15  00:00:00   9.3014e+00     17          1.5322e+00   6.2579e+00
   16  00:00:00   8.3570e+00     18          1.5360e+00   5.5508e+00
   17  00:00:00   7.4311e+00     19          1.5488e+00   4.8438e+00
   18  00:00:00   6.5335e+00     20          1.5742e+00   4.1371e+00
   19  00:00:00   5.6822e+00     21          1.6188e+00   3.4313e+00
   20  00:00:00   4.9128e+00     22          1.6957e+00   2.7281e+00
   21  00:00:00   4.3016e+00     23          1.8347e+00   2.0337e+00
   22  00:00:00   4.0648e+00     24          1.9895e+00   1.5979e+00
   23  00:00:00   4.0219e+00     25          2.1003e+00   1.3881e+00
   24  00:00:00   4.0309e+00     26          2.1917e+00   1.2533e+00
   25  00:00:00   4.0646e+00     27          2.2794e+00   1.1468e+00
   26  00:00:00   4.1171e+00     28          2.3689e+00   1.0555e+00
   27  00:00:00   4.1872e+00     29          2.4634e+00   9.7372e-01
   28  00:00:00   4.2757e+00     30          2.5660e+00   8.9836e-01
   29  00:00:01   4.3859e+00     31          2.6804e+00   8.2707e-01
   30  00:00:01   4.5229e+00     32          2.8114e+00   7.5824e-01
   31  00:00:01   4.6953e+00     33          2.9659e+00   6.9052e-01
   32  00:00:01   4.9169e+00     34          3.1545e+00   6.2272e-01
   33  00:00:01   5.2100e+00     35          3.3935e+00   5.5384e-01
   34  00:00:01   5.6140e+00     36          3.7116e+00   4.8281e-01
   35  00:00:01   6.2027e+00     37          4.1617e+00   4.0869e-01
   36  00:00:01   7.1302e+00     38          4.8540e+00   3.3065e-01
   37  00:00:01   7.3281e+00     39  EP      5.0000e+00   3.1785e-01

 STEP      TIME        ||U||  LABEL  TYPE            b3            T
    0  00:00:01   1.4444e+01     40  EP      1.6002e+00   1.0000e+01
    1  00:00:01   1.4444e+01     41  EP      1.6002e+00   1.0000e+01
