
    STEP   DAMPING               NORMS              COMPUTATION TIMES
  IT SIT     GAMMA     ||d||     ||f||     ||U||   F(x)  DF(x)  SOLVE
   0                          4.98e-02  3.21e+00    0.0    0.0    0.0
   1   1  1.00e+00  3.30e-01  1.29e-02  3.10e+00    0.0    0.0    0.0
   2   1  1.00e+00  1.77e-01  3.27e-03  3.05e+00    0.0    0.0    0.0
   3   1  1.00e+00  8.76e-02  6.58e-04  3.03e+00    0.0    0.0    0.0
   4   1  1.00e+00  2.89e-02  6.20e-05  3.03e+00    0.0    0.0    0.0
   5   1  1.00e+00  3.34e-03  7.86e-07  3.03e+00    0.0    0.0    0.0
   6   1  1.00e+00  4.35e-05  1.32e-10  3.03e+00    0.0    0.0    0.0
   7   1  1.00e+00  7.33e-09  7.14e-17  3.03e+00    0.0    0.0    0.0
   8   1  1.00e+00  3.95e-15  3.56e-17  3.03e+00    0.0    0.0    0.0

 STEP      TIME        ||U||  LABEL  TYPE            b3            T
    0  00:00:00   3.0273e+00      1  EP      5.0000e-01   4.3269e-01
    1  00:00:00   3.0270e+00      2          4.9929e-01   4.3264e-01
    2  00:00:00   3.0266e+00      3          4.9795e-01   4.3256e-01
    3  00:00:00   3.0257e+00      4          4.9541e-01   4.3240e-01
    4  00:00:00   3.0240e+00      5          4.9057e-01   4.3210e-01
    5  00:00:00   3.0209e+00      6          4.8137e-01   4.3153e-01
    6  00:00:00   3.0151e+00      7          4.6389e-01   4.3044e-01
    7  00:00:00   3.0047e+00      8          4.3069e-01   4.2840e-01
    8  00:00:00   2.9868e+00      9          3.6760e-01   4.2457e-01
    9  00:00:00   2.9600e+00     10          2.4772e-01   4.1748e-01
   10  00:00:00   2.9357e+00     11          1.9903e-02   4.0464e-01
   11  00:00:00   2.9872e+00     12         -4.1305e-01   3.8227e-01
   12  00:00:00   3.2470e+00     13  EP     -1.0000e+00   3.5561e-01

 STEP      TIME        ||U||  LABEL  TYPE            b3            T
    0  00:00:00   3.0273e+00     14  EP      5.0000e-01   4.3269e-01
    1  00:00:00   3.0275e+00     15          5.0071e-01   4.3273e-01
    2  00:00:00   3.0280e+00     16          5.0205e-01   4.3281e-01
    3  00:00:00   3.0289e+00     17          5.0459e-01   4.3297e-01
    4  00:00:00   3.0306e+00     18          5.0943e-01   4.3328e-01
    5  00:00:00   3.0339e+00     19          5.1863e-01   4.3385e-01
    6  00:00:00   3.0403e+00     20          5.3611e-01   4.3495e-01
    7  00:00:00   3.0529e+00     21          5.6931e-01   4.3706e-01
    8  00:00:00   3.0788e+00     22          6.3238e-01   4.4111e-01
    9  00:00:00   3.1345e+00     23          7.5221e-01   4.4903e-01
   10  00:00:00   3.2623e+00     24          9.7984e-01   4.6486e-01
   11  00:00:00   3.5741e+00     25          1.4121e+00   4.9817e-01
   12  00:00:00   4.2287e+00     26          2.1162e+00   5.6374e-01
   13  00:00:00   5.0016e+00     27          2.8183e+00   6.4818e-01
   14  00:00:00   5.8463e+00     28          3.5167e+00   7.5968e-01
   15  00:00:00   6.4628e+00     29  EP      4.0000e+00   8.5957e-01
