
    STEP   DAMPING               NORMS              COMPUTATION TIMES
  IT SIT     GAMMA     ||d||     ||f||     ||U||   F(x)  DF(x)  SOLVE
   0                          4.98e-02  3.33e+00    0.0    0.0    0.0
   1   1  1.00e+00  3.30e-01  1.29e-02  3.22e+00    0.0    0.0    0.0
   2   1  1.00e+00  1.77e-01  3.27e-03  3.17e+00    0.0    0.0    0.0
   3   1  1.00e+00  8.76e-02  6.58e-04  3.16e+00    0.0    0.0    0.0
   4   1  1.00e+00  2.89e-02  6.20e-05  3.15e+00    0.0    0.0    0.0
   5   1  1.00e+00  3.34e-03  7.86e-07  3.15e+00    0.0    0.0    0.0
   6   1  1.00e+00  4.35e-05  1.32e-10  3.15e+00    0.0    0.0    0.0
   7   1  1.00e+00  7.33e-09  7.14e-17  3.15e+00    0.0    0.0    0.0
   8   1  1.00e+00  3.95e-15  3.56e-17  3.15e+00    0.0    0.0    0.0

 STEP      TIME        ||U||  LABEL  TYPE      lambda_3            T
    0  00:00:00   3.1487e+00      1  EP     -1.0000e+00   4.3269e-01
    1  00:00:00   3.1483e+00      2         -9.9930e-01   4.3279e-01
    2  00:00:00   3.1475e+00      3         -9.9797e-01   4.3300e-01
    3  00:00:00   3.1460e+00      4         -9.9545e-01   4.3339e-01
    4  00:00:00   3.1432e+00      5         -9.9066e-01   4.3414e-01
    5  00:00:00   3.1379e+00      6         -9.8155e-01   4.3556e-01
    6  00:00:00   3.1279e+00      7         -9.6426e-01   4.3828e-01
    7  00:00:00   3.1094e+00      8         -9.3141e-01   4.4356e-01
    8  00:00:00   3.0761e+00      9         -8.6906e-01   4.5393e-01
    9  00:00:00   3.0197e+00     10         -7.5083e-01   4.7502e-01
   10  00:00:00   2.9392e+00     11         -5.2728e-01   5.2088e-01
   11  00:00:00   2.8938e+00     12         -1.0893e-01   6.3651e-01
   12  00:00:00   2.9075e+00     13  BP     -4.1074e-06   6.7580e-01
   12  00:00:00   2.9651e+00     14          2.0369e-01   7.6453e-01
   13  00:00:00   3.0567e+00     15          3.8639e-01   8.6747e-01
   14  00:00:00   3.1457e+00     16          5.1210e-01   9.5683e-01
   15  00:00:00   3.2348e+00     17          6.1200e-01   1.0428e+00
   16  00:00:00   3.3268e+00     18          6.9734e-01   1.1302e+00
   17  00:00:00   3.4241e+00     19          7.7343e-01   1.2223e+00
   18  00:00:00   3.5296e+00     20          8.4344e-01   1.3220e+00
   19  00:00:00   3.6473e+00     21          9.0948e-01   1.4333e+00
   20  00:00:00   3.7825e+00     22          9.7316e-01   1.5609e+00
   21  00:00:00   3.8475e+00     23  EP      1.0000e+00   1.6222e+00
