
    STEP   DAMPING               NORMS              COMPUTATION TIMES
  IT SIT     GAMMA     ||d||     ||f||     ||U||   F(x)  DF(x)  SOLVE
   0                          5.12e-03  4.30e+00    0.0    0.0    0.0
   1   1  1.00e+00  1.61e-01  3.36e-05  4.39e+00    0.0    0.0    0.0
   2   1  1.00e+00  1.07e-03  1.49e-09  4.39e+00    0.0    0.0    0.0
   3   1  1.00e+00  4.74e-08  1.21e-15  4.39e+00    0.0    0.0    0.0
   4   1  1.00e+00  3.83e-14  7.11e-16  4.39e+00    0.0    0.0    0.0

 STEP      TIME        ||U||  LABEL  TYPE            b2            T
    0  00:00:00   4.3891e+00      1  EP      1.9142e+00   2.1243e+00
    1  00:00:00   4.3826e+00      2          1.9145e+00   2.1173e+00
    2  00:00:00   4.3701e+00      3          1.9152e+00   2.1039e+00
    3  00:00:00   4.3467e+00      4          1.9163e+00   2.0784e+00
    4  00:00:00   4.3026e+00      5          1.9185e+00   2.0299e+00
    5  00:00:00   4.2207e+00      6          1.9227e+00   1.9379e+00
    6  00:00:00   4.0718e+00      7          1.9305e+00   1.7629e+00
    7  00:00:00   3.8170e+00      8          1.9450e+00   1.4306e+00
    8  00:00:00   3.4578e+00      9          1.9710e+00   7.9907e-01
    9  00:00:00   3.3018e+00     10          1.9969e+00   9.2431e-02
   10  00:00:00   3.3030e+00     11  BP      2.0000e+00   9.5980e-07
   10  00:00:00   3.4376e+00     12  MX      2.0190e+00  -6.1433e-01

 STEP      TIME        ||U||  LABEL  TYPE            b2            T
    0  00:00:00   4.3891e+00     13  EP      1.9142e+00   2.1243e+00
    1  00:00:00   4.3957e+00     14          1.9139e+00   2.1314e+00
    2  00:00:00   4.4082e+00     15          1.9133e+00   2.1448e+00
    3  00:00:00   4.4321e+00     16          1.9121e+00   2.1703e+00
    4  00:00:00   4.4779e+00     17          1.9099e+00   2.2188e+00
    5  00:00:00   4.5665e+00     18          1.9057e+00   2.3108e+00
    6  00:00:00   4.7402e+00     19          1.8975e+00   2.4857e+00
    7  00:00:00   5.0869e+00     20          1.8821e+00   2.8180e+00
    8  00:00:00   5.7943e+00     21          1.8529e+00   3.4494e+00
    9  00:00:00   6.6405e+00     22          1.8226e+00   4.1559e+00
   10  00:00:00   7.5275e+00     23          1.7979e+00   4.8626e+00
   11  00:00:00   8.4446e+00     24          1.7834e+00   5.5696e+00
   12  00:00:00   8.8118e+00     25  FP      1.7819e+00   5.8475e+00
   12  00:00:00   9.3853e+00     26          1.7861e+00   6.2767e+00
   13  00:00:00   1.0346e+01     27          1.8164e+00   6.9834e+00
   14  00:00:00   1.1324e+01     28          1.8905e+00   7.6870e+00
   15  00:00:00   1.2315e+01     29          2.0334e+00   8.3807e+00
   16  00:00:00   1.2981e+01     30          2.1852e+00   8.8334e+00
   17  00:00:01   1.3449e+01     31          2.3275e+00   9.1418e+00
   18  00:00:01   1.3829e+01     32          2.4690e+00   9.3846e+00
   19  00:00:01   1.4164e+01     33          2.6160e+00   9.5921e+00
   20  00:00:01   1.4474e+01     34          2.7727e+00   9.7777e+00
   21  00:00:01   1.4772e+01     35          2.9430e+00   9.9491e+00
   22  00:00:01   1.4863e+01     36  EP      2.9990e+00   1.0000e+01
