
    STEP   DAMPING               NORMS              COMPUTATION TIMES
  IT SIT     GAMMA     ||d||     ||f||     ||U||   F(x)  DF(x)  SOLVE
   0                          5.12e-03  4.22e+00    0.0    0.0    0.0
   1   1  1.00e+00  3.48e-01  2.48e-04  4.38e+00    0.0    0.0    0.0
   2   1  1.00e+00  1.87e-02  6.92e-07  4.39e+00    0.0    0.0    0.0
   3   1  1.00e+00  5.24e-05  5.36e-12  4.39e+00    0.0    0.0    0.0
   4   1  1.00e+00  4.06e-10  1.37e-15  4.39e+00    0.0    0.0    0.0

 STEP      TIME        ||U||  LABEL  TYPE            b3            T
    0  00:00:00   4.3910e+00      1  EP      1.8572e+00   2.0968e+00
    1  00:00:00   4.3860e+00      2          1.8590e+00   2.0899e+00
    2  00:00:00   4.3765e+00      3          1.8623e+00   2.0769e+00
    3  00:00:00   4.3587e+00      4          1.8689e+00   2.0522e+00
    4  00:00:00   4.3261e+00      5          1.8817e+00   2.0055e+00
    5  00:00:00   4.2685e+00      6          1.9079e+00   1.9171e+00
    6  00:00:00   4.1765e+00      7          1.9645e+00   1.7513e+00
    7  00:00:00   4.0932e+00      8          2.0622e+00   1.5263e+00
    8  00:00:00   4.0726e+00      9          2.1567e+00   1.3590e+00
    9  00:00:00   4.0882e+00     10          2.2453e+00   1.2330e+00
   10  00:00:00   4.1264e+00     11          2.3327e+00   1.1300e+00
   11  00:00:00   4.1827e+00     12          2.4227e+00   1.0408e+00
   12  00:00:00   4.2564e+00     13          2.5182e+00   9.6045e-01
   13  00:00:00   4.3489e+00     14          2.6223e+00   8.8600e-01
   14  00:00:00   4.4636e+00     15          2.7390e+00   8.1530e-01
   15  00:00:00   4.6062e+00     16          2.8733e+00   7.4678e-01
   16  00:00:00   4.7861e+00     17          3.0327e+00   6.7915e-01
   17  00:00:00   5.0179e+00     18          3.2282e+00   6.1127e-01
   18  00:00:00   5.3264e+00     19          3.4780e+00   5.4211e-01
   19  00:00:00   5.7548e+00     20          3.8134e+00   4.7065e-01
   20  00:00:00   5.9979e+00     21  EP      4.0000e+00   4.3851e-01

 STEP      TIME        ||U||  LABEL  TYPE            b3            T
    0  00:00:00   4.3910e+00     22  EP      1.8572e+00   2.0968e+00
    1  00:00:00   4.3961e+00     23          1.8554e+00   2.1036e+00
    2  00:00:00   4.4058e+00     24          1.8522e+00   2.1166e+00
    3  00:00:00   4.4246e+00     25          1.8460e+00   2.1414e+00
    4  00:00:00   4.4612e+00     26          1.8348e+00   2.1886e+00
    5  00:00:00   4.5343e+00     27          1.8147e+00   2.2785e+00
    6  00:00:00   4.6842e+00     28          1.7809e+00   2.4504e+00
    7  00:00:00   5.0019e+00     29          1.7294e+00   2.7791e+00
    8  00:00:00   5.6586e+00     30          1.6657e+00   3.3823e+00
    9  00:00:00   6.5025e+00     31          1.6224e+00   4.0883e+00
   10  00:00:00   7.3956e+00     32          1.5999e+00   4.7951e+00
   11  00:00:00   8.3188e+00     33          1.5915e+00   5.5022e+00
   12  00:00:01   8.5787e+00     34  FP      1.5911e+00   5.6983e+00
   12  00:00:01   9.2617e+00     35          1.5935e+00   6.2093e+00
   13  00:00:01   1.0218e+01     36          1.6041e+00   6.9163e+00
   14  00:00:01   1.1184e+01     37          1.6220e+00   7.6232e+00
   15  00:00:01   1.2157e+01     38          1.6469e+00   8.3299e+00
   16  00:00:01   1.3135e+01     39          1.6787e+00   9.0363e+00
   17  00:00:01   1.4118e+01     40          1.7174e+00   9.7423e+00
   18  00:00:01   1.4478e+01     41  EP      1.7334e+00   1.0000e+01
