
    STEP   DAMPING               NORMS              COMPUTATION TIMES
  IT SIT     GAMMA     ||d||     ||f||     ||U||   F(x)  DF(x)  SOLVE
   0                          3.98e-02  1.15e+01    0.0    0.0    0.0
   1   1  9.24e-01  7.82e-01  3.04e-03  1.14e+01    0.0    0.0    0.0
   2   1  1.00e+00  2.22e-01  1.38e-05  1.12e+01    0.0    0.0    0.0
   3   1  1.00e+00  3.83e-02  3.48e-07  1.12e+01    0.0    0.1    0.0
   4   1  1.00e+00  4.16e-04  4.34e-11  1.12e+01    0.0    0.1    0.1
   5   1  1.00e+00  3.74e-08  2.94e-15  1.12e+01    0.0    0.1    0.1

 STEP      TIME        ||U||  LABEL  TYPE            mu
    0  00:00:00   1.1174e+01      1  EP      2.0000e-02
    1  00:00:02   1.1172e+01      2          1.9884e-02
    2  00:00:03   1.1170e+01      3          1.9769e-02
    3  00:00:05   1.1333e+01      4          1.9666e-02
    4  00:00:06   1.1331e+01      5          1.9564e-02
    5  00:00:07   1.1292e+01      6          1.9460e-02
    6  00:00:08   1.1290e+01      7          1.9356e-02
    7  00:00:10   1.1253e+01      8          1.9252e-02
    8  00:00:11   1.1251e+01      9          1.9148e-02
    9  00:00:12   1.1214e+01     10          1.9042e-02
   10  00:00:13   1.1213e+01     11          1.8937e-02
   11  00:00:14   1.1176e+01     12          1.8830e-02
   12  00:00:15   1.1175e+01     13          1.8724e-02
   13  00:00:16   1.1139e+01     14          1.8616e-02
   14  00:00:17   1.1138e+01     15          1.8508e-02
   15  00:00:19   1.1103e+01     16          1.8398e-02
   16  00:00:20   1.1102e+01     17          1.8289e-02
   17  00:00:21   1.1067e+01     18          1.8178e-02
   18  00:00:22   1.1066e+01     19          1.8067e-02
   19  00:00:23   1.1037e+01     20          1.7954e-02
   20  00:00:24   1.1036e+01     21          1.7842e-02
   21  00:00:25   1.1008e+01     22          1.7727e-02
   22  00:00:26   1.1007e+01     23          1.7613e-02
   23  00:00:27   1.0979e+01     24          1.7497e-02
   24  00:00:28   1.0979e+01     25          1.7381e-02
   25  00:00:29   1.0951e+01     26          1.7262e-02
   26  00:00:30   1.0951e+01     27          1.7144e-02
   27  00:00:31   1.0924e+01     28          1.7022e-02
   28  00:00:32   1.0924e+01     29          1.6901e-02
   29  00:00:33   1.0898e+01     30          1.6777e-02
   30  00:00:34   1.0899e+01     31          1.6653e-02
   31  00:00:35   1.0873e+01     32          1.6526e-02
   32  00:00:36   1.0874e+01     33          1.6399e-02
   33  00:00:37   1.0853e+01     34          1.6268e-02
   34  00:00:37   1.0854e+01     35          1.6138e-02
   35  00:00:38   1.0835e+01     36          1.6004e-02
   36  00:00:39   1.0836e+01     37          1.5870e-02
   37  00:00:40   1.0817e+01     38          1.5732e-02
   38  00:00:41   1.0819e+01     39          1.5594e-02
   39  00:00:42   1.0800e+01     40          1.5452e-02
   40  00:00:42   1.0803e+01     41          1.5310e-02
   41  00:00:43   1.0785e+01     42          1.5162e-02
   42  00:00:44   1.0788e+01     43          1.5014e-02
   43  00:00:45   1.0771e+01     44          1.4860e-02
   44  00:00:46   1.0774e+01     45          1.4706e-02
   45  00:00:47   1.0759e+01     46          1.4545e-02
   46  00:00:48   1.0763e+01     47          1.4384e-02
   47  00:00:49   1.0749e+01     48          1.4213e-02
   48  00:00:49   1.0753e+01     49          1.4043e-02
   49  00:00:50   1.0743e+01     50          1.3864e-02
   50  00:00:51   1.0748e+01     51          1.3684e-02
   51  00:00:52   1.0740e+01     52          1.3494e-02
   52  00:00:53   1.0746e+01     53          1.3303e-02
   53  00:00:53   1.0739e+01     54          1.3100e-02
   54  00:00:54   1.0746e+01     55          1.2895e-02
   55  00:00:55   1.0742e+01     56          1.2674e-02
   56  00:00:56   1.0750e+01     57          1.2450e-02
   56  00:00:57   1.0738e+01     58  MX      1.2450e-02
