
    STEP   DAMPING               NORMS              COMPUTATION TIMES
  IT SIT     GAMMA     ||d||     ||f||     ||U||   F(x)  DF(x)  SOLVE
   0                          4.98e-02  3.17e+00    0.0    0.0    0.0
   1   1  1.00e+00  3.30e-01  1.29e-02  3.06e+00    0.0    0.0    0.0
   2   1  1.00e+00  1.77e-01  3.27e-03  3.01e+00    0.0    0.0    0.0
   3   1  1.00e+00  8.76e-02  6.58e-04  2.99e+00    0.0    0.0    0.0
   4   1  1.00e+00  2.89e-02  6.20e-05  2.99e+00    0.0    0.0    0.0
   5   1  1.00e+00  3.34e-03  7.86e-07  2.99e+00    0.0    0.0    0.0
   6   1  1.00e+00  4.35e-05  1.32e-10  2.99e+00    0.0    0.0    0.0
   7   1  1.00e+00  7.33e-09  7.14e-17  2.99e+00    0.0    0.0    0.0
   8   1  1.00e+00  3.95e-15  3.56e-17  2.99e+00    0.0    0.0    0.0

 STEP      TIME        ||U||  LABEL  TYPE           eta            T
    0  00:00:00   2.9857e+00      1  EP      0.0000e+00   4.3269e-01
    1  00:00:00   2.9856e+00      2         -4.9945e-04   4.3219e-01
    2  00:00:00   2.9853e+00      3         -1.4487e-03   4.3124e-01
    3  00:00:00   2.9848e+00      4         -3.2534e-03   4.2943e-01
    4  00:00:00   2.9838e+00      5         -6.6863e-03   4.2600e-01
    5  00:00:00   2.9820e+00      6         -1.3223e-02   4.1951e-01
    6  00:00:00   2.9788e+00      7         -2.5693e-02   4.0722e-01
    7  00:00:00   2.9732e+00      8         -4.9562e-02   3.8405e-01
    8  00:00:00   2.9648e+00      9         -9.5513e-02   3.4064e-01
    9  00:00:00   2.9570e+00     10         -1.8473e-01   2.6023e-01
   10  00:00:00   2.9705e+00     11         -3.5932e-01   1.1326e-01
   11  00:00:00   3.0067e+00     12  BP     -5.0011e-01  -4.7835e-05
   11  00:00:00   3.0921e+00     13  MX     -6.9648e-01  -1.5928e-01

 STEP      TIME        ||U||  LABEL  TYPE           eta            T
    0  00:00:00   2.9857e+00     14  EP      0.0000e+00   4.3269e-01
    1  00:00:00   2.9859e+00     15          4.9934e-04   4.3319e-01
    2  00:00:00   2.9861e+00     16          1.4478e-03   4.3414e-01
    3  00:00:00   2.9867e+00     17          3.2487e-03   4.3595e-01
    4  00:00:00   2.9877e+00     18          6.6665e-03   4.3939e-01
    5  00:00:00   2.9897e+00     19          1.3146e-02   4.4594e-01
    6  00:00:00   2.9936e+00     20          2.5403e-02   4.5844e-01
    7  00:00:00   3.0017e+00     21          4.8495e-02   4.8239e-01
    8  00:00:00   3.0192e+00     22          9.1623e-02   5.2860e-01
    9  00:00:00   3.0602e+00     23          1.7067e-01   6.1905e-01
   10  00:00:00   3.1621e+00     24          3.0667e-01   7.9708e-01
   11  00:00:00   3.2844e+00     25          4.1898e-01   9.7366e-01
   12  00:00:00   3.4281e+00     26          5.1610e-01   1.1573e+00
   13  00:00:01   3.6018e+00     27          6.0466e-01   1.3605e+00
   14  00:00:01   3.8186e+00     28          6.8805e-01   1.5961e+00
   15  00:00:01   4.0999e+00     29          7.6821e-01   1.8826e+00
   16  00:00:01   4.4826e+00     30          8.4626e-01   2.2496e+00
   17  00:00:01   5.0366e+00     31          9.2239e-01   2.7501e+00
   18  00:00:01   5.8625e+00     32          9.9249e-01   3.4539e+00
   19  00:00:01   6.7303e+00     33          1.0368e+00   4.1597e+00
   20  00:00:01   7.6271e+00     34          1.0658e+00   4.8663e+00
   21  00:00:01   8.5448e+00     35          1.0850e+00   5.5731e+00
   22  00:00:01   9.4779e+00     36          1.0979e+00   6.2801e+00
   23  00:00:01   1.0423e+01     37          1.1066e+00   6.9872e+00
   24  00:00:01   1.1376e+01     38          1.1124e+00   7.6943e+00
   25  00:00:01   1.2337e+01     39          1.1161e+00   8.4014e+00
   26  00:00:01   1.3303e+01     40          1.1185e+00   9.1085e+00
   27  00:00:01   1.4274e+01     41          1.1197e+00   9.8156e+00
   28  00:00:01   1.4528e+01     42  EP      1.1199e+00   1.0000e+01
