
    STEP   DAMPING               NORMS              COMPUTATION TIMES
  IT SIT     GAMMA     ||d||     ||f||     ||U||   F(x)  DF(x)  SOLVE
   0                          1.03e-12  5.37e+00    0.0    0.0    0.0

 STEP      TIME        ||U||  LABEL  TYPE            mu            T
    0  00:00:00   5.3742e+00      1  EP      1.2507e-02   3.3792e+00
    1  00:00:00   5.3733e+00      2          1.2492e-02   3.3785e+00
    2  00:00:00   5.3716e+00      3          1.2464e-02   3.3771e+00
    3  00:00:00   5.3684e+00      4          1.2411e-02   3.3746e+00
    4  00:00:00   5.3623e+00      5          1.2309e-02   3.3697e+00
    5  00:00:00   5.3508e+00      6          1.2115e-02   3.3605e+00
    6  00:00:00   5.3330e+00      7          1.1812e-02   3.3464e+00
    7  00:00:00   5.3153e+00      8          1.1505e-02   3.3322e+00
    8  00:00:00   5.2975e+00      9          1.1192e-02   3.3181e+00
    9  00:00:00   5.2798e+00     10          1.0875e-02   3.3039e+00
   10  00:00:00   5.2622e+00     11          1.0553e-02   3.2898e+00
   11  00:00:00   5.2445e+00     12          1.0227e-02   3.2757e+00
   12  00:00:00   5.2268e+00     13          9.8946e-03   3.2615e+00
   13  00:00:01   5.2092e+00     14          9.5575e-03   3.2474e+00
   14  00:00:01   5.1916e+00     15          9.2154e-03   3.2333e+00
   15  00:00:01   5.1740e+00     16          8.8680e-03   3.2191e+00
   16  00:00:01   5.1564e+00     17          8.5153e-03   3.2050e+00
   17  00:00:01   5.1388e+00     18          8.1573e-03   3.1908e+00
   18  00:00:01   5.1213e+00     19          7.7939e-03   3.1767e+00
   19  00:00:01   5.1037e+00     20          7.4250e-03   3.1626e+00
   20  00:00:01   5.0862e+00     21          7.0506e-03   3.1484e+00
   21  00:00:01   5.0687e+00     22          6.6706e-03   3.1343e+00
   22  00:00:01   5.0513e+00     23          6.2849e-03   3.1202e+00
   23  00:00:01   5.0338e+00     24          5.8935e-03   3.1060e+00
   24  00:00:01   5.0164e+00     25          5.4963e-03   3.0919e+00
   25  00:00:01   4.9989e+00     26          5.0932e-03   3.0777e+00
   26  00:00:01   4.9815e+00     27          4.6841e-03   3.0636e+00
   27  00:00:01   4.9642e+00     28          4.2690e-03   3.0495e+00
   28  00:00:01   4.9468e+00     29          3.8478e-03   3.0353e+00
   29  00:00:01   4.9295e+00     30          3.4204e-03   3.0212e+00
   30  00:00:01   4.9122e+00     31          2.9867e-03   3.0071e+00
   31  00:00:01   4.8949e+00     32          2.5467e-03   2.9929e+00
   32  00:00:01   4.8776e+00     33          2.1002e-03   2.9788e+00
   33  00:00:01   4.8603e+00     34          1.6472e-03   2.9647e+00
   34  00:00:01   4.8431e+00     35          1.1876e-03   2.9505e+00
   35  00:00:01   4.8259e+00     36          7.2129e-04   2.9364e+00
   36  00:00:01   4.8087e+00     37          2.4820e-04   2.9223e+00
   37  00:00:01   4.7998e+00     38  EP      0.0000e+00   2.9149e+00

 STEP      TIME        ||U||  LABEL  TYPE            mu            T
    0  00:00:01   5.3742e+00     39  EP      1.2507e-02   3.3792e+00
    1  00:00:01   5.3751e+00     40          1.2522e-02   3.3799e+00
    2  00:00:01   5.3768e+00     41          1.2550e-02   3.3812e+00
    3  00:00:01   5.3800e+00     42          1.2603e-02   3.3838e+00
    4  00:00:01   5.3861e+00     43          1.2703e-02   3.3886e+00
    5  00:00:01   5.3977e+00     44          1.2891e-02   3.3978e+00
    6  00:00:01   5.4155e+00     45          1.3177e-02   3.4120e+00
    7  00:00:02   5.4333e+00     46          1.3458e-02   3.4261e+00
    8  00:00:02   5.4512e+00     47          1.3735e-02   3.4402e+00
    9  00:00:02   5.4690e+00     48          1.4008e-02   3.4544e+00
   10  00:00:02   5.4869e+00     49          1.4276e-02   3.4685e+00
   11  00:00:02   5.5048e+00     50          1.4540e-02   3.4827e+00
   12  00:00:02   5.5227e+00     51          1.4799e-02   3.4968e+00
   13  00:00:02   5.5406e+00     52          1.5055e-02   3.5109e+00
   14  00:00:02   5.5585e+00     53          1.5306e-02   3.5251e+00
   15  00:00:02   5.5765e+00     54          1.5553e-02   3.5392e+00
   16  00:00:02   5.5944e+00     55          1.5796e-02   3.5534e+00
   17  00:00:02   5.6124e+00     56          1.6035e-02   3.5675e+00
   18  00:00:02   5.6304e+00     57          1.6269e-02   3.5816e+00
   19  00:00:02   5.6484e+00     58          1.6500e-02   3.5958e+00
   20  00:00:02   5.6664e+00     59          1.6727e-02   3.6099e+00
   21  00:00:02   5.6844e+00     60          1.6951e-02   3.6241e+00
   22  00:00:02   5.7025e+00     61          1.7170e-02   3.6382e+00
   23  00:00:02   5.7205e+00     62          1.7386e-02   3.6523e+00
   24  00:00:02   5.7386e+00     63          1.7597e-02   3.6665e+00
   25  00:00:02   5.7567e+00     64          1.7805e-02   3.6806e+00
   26  00:00:02   5.7747e+00     65          1.8010e-02   3.6948e+00
   27  00:00:02   5.7928e+00     66          1.8211e-02   3.7089e+00
   28  00:00:02   5.8110e+00     67          1.8408e-02   3.7230e+00
   29  00:00:02   5.8291e+00     68          1.8601e-02   3.7372e+00
   30  00:00:02   5.8472e+00     69          1.8791e-02   3.7513e+00
   31  00:00:02   5.8654e+00     70          1.8978e-02   3.7655e+00
   32  00:00:02   5.8835e+00     71          1.9161e-02   3.7796e+00
   33  00:00:02   5.9017e+00     72          1.9341e-02   3.7938e+00
   34  00:00:02   5.9199e+00     73          1.9517e-02   3.8079e+00
   35  00:00:02   5.9381e+00     74          1.9690e-02   3.8220e+00
   36  00:00:02   5.9563e+00     75          1.9860e-02   3.8362e+00
   37  00:00:02   5.9745e+00     76          2.0026e-02   3.8503e+00
   38  00:00:02   5.9928e+00     77          2.0189e-02   3.8645e+00
   39  00:00:03   6.0110e+00     78          2.0349e-02   3.8786e+00
   40  00:00:03   6.0293e+00     79          2.0506e-02   3.8927e+00
   41  00:00:03   6.0475e+00     80          2.0659e-02   3.9069e+00
   42  00:00:03   6.0658e+00     81          2.0809e-02   3.9210e+00
   43  00:00:03   6.0841e+00     82          2.0957e-02   3.9352e+00
   44  00:00:03   6.1024e+00     83          2.1101e-02   3.9493e+00
   45  00:00:03   6.1207e+00     84          2.1242e-02   3.9634e+00
   46  00:00:03   6.1390e+00     85          2.1380e-02   3.9776e+00
   47  00:00:03   6.1574e+00     86          2.1515e-02   3.9917e+00
   48  00:00:03   6.1757e+00     87          2.1647e-02   4.0059e+00
   49  00:00:03   6.1941e+00     88          2.1776e-02   4.0200e+00
   50  00:00:03   6.2124e+00     89          2.1902e-02   4.0342e+00
   51  00:00:03   6.2308e+00     90          2.2026e-02   4.0483e+00
   52  00:00:03   6.2492e+00     91          2.2146e-02   4.0624e+00
   53  00:00:03   6.2676e+00     92          2.2264e-02   4.0766e+00
   54  00:00:03   6.2860e+00     93          2.2378e-02   4.0907e+00
   55  00:00:03   6.3044e+00     94          2.2490e-02   4.1049e+00
   56  00:00:03   6.3228e+00     95          2.2600e-02   4.1190e+00
   57  00:00:03   6.3412e+00     96          2.2706e-02   4.1331e+00
   58  00:00:03   6.3597e+00     97          2.2810e-02   4.1473e+00
   59  00:00:03   6.3781e+00     98          2.2911e-02   4.1614e+00
   60  00:00:03   6.3966e+00     99          2.3010e-02   4.1756e+00
   61  00:00:03   6.4151e+00    100          2.3106e-02   4.1897e+00
   62  00:00:03   6.4335e+00    101          2.3199e-02   4.2039e+00
   63  00:00:03   6.4520e+00    102          2.3289e-02   4.2180e+00
   64  00:00:03   6.4705e+00    103          2.3377e-02   4.2321e+00
   65  00:00:03   6.4890e+00    104          2.3463e-02   4.2463e+00
   66  00:00:03   6.5075e+00    105          2.3546e-02   4.2604e+00
   67  00:00:03   6.5261e+00    106          2.3626e-02   4.2746e+00
   68  00:00:03   6.5446e+00    107          2.3704e-02   4.2887e+00
   69  00:00:03   6.5631e+00    108          2.3780e-02   4.3029e+00
   70  00:00:03   6.5817e+00    109          2.3853e-02   4.3170e+00
   71  00:00:04   6.6002e+00    110          2.3923e-02   4.3311e+00
   72  00:00:04   6.6188e+00    111          2.3992e-02   4.3453e+00
   73  00:00:04   6.6374e+00    112          2.4057e-02   4.3594e+00
   74  00:00:04   6.6559e+00    113          2.4121e-02   4.3736e+00
   75  00:00:04   6.6745e+00    114          2.4182e-02   4.3877e+00
   76  00:00:04   6.6931e+00    115          2.4241e-02   4.4018e+00
   77  00:00:04   6.7117e+00    116          2.4297e-02   4.4160e+00
   78  00:00:04   6.7304e+00    117          2.4352e-02   4.4301e+00
   79  00:00:04   6.7490e+00    118          2.4403e-02   4.4443e+00
   80  00:00:04   6.7676e+00    119          2.4453e-02   4.4584e+00
   81  00:00:04   6.7862e+00    120          2.4501e-02   4.4726e+00
   82  00:00:04   6.8049e+00    121          2.4546e-02   4.4867e+00
   83  00:00:04   6.8235e+00    122          2.4589e-02   4.5008e+00
   84  00:00:04   6.8422e+00    123          2.4630e-02   4.5150e+00
   85  00:00:04   6.8609e+00    124          2.4668e-02   4.5291e+00
   86  00:00:04   6.8795e+00    125          2.4705e-02   4.5433e+00
   87  00:00:04   6.8982e+00    126          2.4739e-02   4.5574e+00
   88  00:00:04   6.9169e+00    127          2.4772e-02   4.5715e+00
   89  00:00:04   6.9356e+00    128          2.4802e-02   4.5857e+00
   90  00:00:04   6.9543e+00    129          2.4830e-02   4.5998e+00
   91  00:00:04   6.9730e+00    130          2.4856e-02   4.6140e+00
   92  00:00:04   6.9918e+00    131          2.4880e-02   4.6281e+00
   93  00:00:04   7.0105e+00    132          2.4902e-02   4.6423e+00
   94  00:00:04   7.0292e+00    133          2.4922e-02   4.6564e+00
   95  00:00:04   7.0480e+00    134          2.4940e-02   4.6705e+00
   96  00:00:04   7.0667e+00    135          2.4956e-02   4.6847e+00
   97  00:00:04   7.0855e+00    136          2.4970e-02   4.6988e+00
   98  00:00:04   7.1042e+00    137          2.4982e-02   4.7130e+00
   99  00:00:04   7.1230e+00    138          2.4992e-02   4.7271e+00
  100  00:00:04   7.1418e+00    139          2.5000e-02   4.7413e+00
  101  00:00:04   7.1605e+00    140          2.5007e-02   4.7554e+00
  102  00:00:05   7.1793e+00    141          2.5011e-02   4.7695e+00
  103  00:00:05   7.1981e+00    142          2.5013e-02   4.7837e+00
  104  00:00:05   7.2136e+00    143  FP      2.5014e-02   4.7954e+00
  104  00:00:05   7.2169e+00    144          2.5014e-02   4.7978e+00
  105  00:00:05   7.2357e+00    145          2.5013e-02   4.8120e+00
  106  00:00:05   7.2545e+00    146          2.5010e-02   4.8261e+00
  107  00:00:05   7.2734e+00    147          2.5005e-02   4.8402e+00
  108  00:00:05   7.2922e+00    148          2.4998e-02   4.8544e+00
  109  00:00:05   7.3110e+00    149          2.4989e-02   4.8685e+00
  110  00:00:05   7.3298e+00    150          2.4979e-02   4.8827e+00
  111  00:00:05   7.3487e+00    151          2.4967e-02   4.8968e+00
  112  00:00:05   7.3675e+00    152          2.4953e-02   4.9110e+00
  113  00:00:05   7.3864e+00    153          2.4937e-02   4.9251e+00
  114  00:00:05   7.4053e+00    154          2.4920e-02   4.9392e+00
  115  00:00:05   7.4241e+00    155          2.4901e-02   4.9534e+00
  116  00:00:05   7.4430e+00    156          2.4880e-02   4.9675e+00
  117  00:00:05   7.4619e+00    157          2.4858e-02   4.9817e+00
  118  00:00:05   7.4808e+00    158          2.4833e-02   4.9958e+00
  119  00:00:05   7.4997e+00    159          2.4808e-02   5.0100e+00
  120  00:00:05   7.5186e+00    160          2.4780e-02   5.0241e+00
  121  00:00:05   7.5375e+00    161          2.4751e-02   5.0382e+00
  122  00:00:05   7.5564e+00    162          2.4720e-02   5.0524e+00
  123  00:00:05   7.5753e+00    163          2.4687e-02   5.0665e+00
  124  00:00:05   7.5942e+00    164          2.4653e-02   5.0807e+00
  125  00:00:05   7.6131e+00    165          2.4618e-02   5.0948e+00
  126  00:00:05   7.6321e+00    166          2.4580e-02   5.1089e+00
  127  00:00:05   7.6510e+00    167          2.4541e-02   5.1231e+00
  128  00:00:05   7.6699e+00    168          2.4501e-02   5.1372e+00
  129  00:00:06   7.6889e+00    169          2.4459e-02   5.1514e+00
  130  00:00:06   7.7078e+00    170          2.4415e-02   5.1655e+00
  131  00:00:06   7.7268e+00    171          2.4370e-02   5.1797e+00
  132  00:00:06   7.7458e+00    172          2.4323e-02   5.1938e+00
  133  00:00:06   7.7647e+00    173          2.4275e-02   5.2079e+00
  134  00:00:06   7.7837e+00    174          2.4225e-02   5.2221e+00
  135  00:00:06   7.8027e+00    175          2.4174e-02   5.2362e+00
  136  00:00:06   7.8217e+00    176          2.4121e-02   5.2504e+00
  137  00:00:06   7.8406e+00    177          2.4067e-02   5.2645e+00
  138  00:00:06   7.8596e+00    178          2.4011e-02   5.2787e+00
  139  00:00:06   7.8786e+00    179          2.3954e-02   5.2928e+00
  140  00:00:06   7.8976e+00    180          2.3895e-02   5.3069e+00
  141  00:00:06   7.9166e+00    181          2.3835e-02   5.3211e+00
  142  00:00:06   7.9357e+00    182          2.3773e-02   5.3352e+00
  143  00:00:06   7.9547e+00    183          2.3710e-02   5.3494e+00
  144  00:00:06   7.9737e+00    184          2.3646e-02   5.3635e+00
  145  00:00:06   7.9927e+00    185          2.3580e-02   5.3776e+00
  146  00:00:06   8.0118e+00    186          2.3513e-02   5.3918e+00
  147  00:00:06   8.0308e+00    187          2.3444e-02   5.4059e+00
  148  00:00:06   8.0498e+00    188          2.3374e-02   5.4201e+00
  149  00:00:06   8.0689e+00    189          2.3303e-02   5.4342e+00
  150  00:00:06   8.0879e+00    190          2.3230e-02   5.4484e+00
  151  00:00:06   8.1070e+00    191          2.3156e-02   5.4625e+00
  152  00:00:06   8.1260e+00    192          2.3080e-02   5.4766e+00
  153  00:00:06   8.1451e+00    193          2.3004e-02   5.4908e+00
  154  00:00:06   8.1642e+00    194          2.2925e-02   5.5049e+00
  155  00:00:06   8.1833e+00    195          2.2846e-02   5.5191e+00
  156  00:00:06   8.2023e+00    196          2.2765e-02   5.5332e+00
  157  00:00:07   8.2214e+00    197          2.2683e-02   5.5474e+00
  158  00:00:07   8.2405e+00    198          2.2600e-02   5.5615e+00
  159  00:00:07   8.2596e+00    199          2.2515e-02   5.5756e+00
  160  00:00:07   8.2787e+00    200          2.2429e-02   5.5898e+00
  161  00:00:07   8.2978e+00    201          2.2342e-02   5.6039e+00
  162  00:00:07   8.3169e+00    202          2.2253e-02   5.6181e+00
  163  00:00:07   8.3360e+00    203          2.2163e-02   5.6322e+00
  164  00:00:07   8.3551e+00    204          2.2072e-02   5.6463e+00
  165  00:00:07   8.3742e+00    205          2.1980e-02   5.6605e+00
  166  00:00:07   8.3933e+00    206          2.1886e-02   5.6746e+00
  167  00:00:07   8.4125e+00    207          2.1791e-02   5.6888e+00
  168  00:00:07   8.4316e+00    208          2.1695e-02   5.7029e+00
  169  00:00:07   8.4507e+00    209          2.1598e-02   5.7171e+00
  170  00:00:07   8.4699e+00    210          2.1499e-02   5.7312e+00
  171  00:00:07   8.4890e+00    211          2.1400e-02   5.7453e+00
  172  00:00:07   8.5081e+00    212          2.1299e-02   5.7595e+00
  173  00:00:07   8.5273e+00    213          2.1197e-02   5.7736e+00
  174  00:00:07   8.5464e+00    214          2.1093e-02   5.7878e+00
  175  00:00:07   8.5656e+00    215          2.0989e-02   5.8019e+00
  176  00:00:07   8.5848e+00    216          2.0883e-02   5.8160e+00
  177  00:00:07   8.6039e+00    217          2.0777e-02   5.8302e+00
  178  00:00:07   8.6231e+00    218          2.0669e-02   5.8443e+00
  179  00:00:07   8.6423e+00    219          2.0560e-02   5.8585e+00
  180  00:00:07   8.6614e+00    220          2.0449e-02   5.8726e+00
  181  00:00:07   8.6806e+00    221          2.0338e-02   5.8868e+00
  182  00:00:07   8.6998e+00    222          2.0225e-02   5.9009e+00
  183  00:00:08   8.7190e+00    223          2.0112e-02   5.9150e+00
  184  00:00:08   8.7382e+00    224          1.9997e-02   5.9292e+00
  185  00:00:08   8.7574e+00    225          1.9881e-02   5.9433e+00
  186  00:00:08   8.7766e+00    226          1.9764e-02   5.9575e+00
  187  00:00:08   8.7958e+00    227          1.9646e-02   5.9716e+00
  188  00:00:08   8.8150e+00    228          1.9527e-02   5.9857e+00
  189  00:00:08   8.8342e+00    229          1.9406e-02   5.9999e+00
  190  00:00:08   8.8534e+00    230          1.9285e-02   6.0140e+00
  191  00:00:08   8.8726e+00    231          1.9162e-02   6.0282e+00
  192  00:00:08   8.8918e+00    232          1.9039e-02   6.0423e+00
  193  00:00:08   8.9110e+00    233          1.8914e-02   6.0565e+00
  194  00:00:08   8.9303e+00    234          1.8789e-02   6.0706e+00
  195  00:00:08   8.9495e+00    235          1.8662e-02   6.0847e+00
  196  00:00:08   8.9687e+00    236          1.8534e-02   6.0989e+00
  197  00:00:08   8.9879e+00    237          1.8405e-02   6.1130e+00
  198  00:00:08   9.0072e+00    238          1.8275e-02   6.1272e+00
  199  00:00:08   9.0264e+00    239          1.8145e-02   6.1413e+00
  200  00:00:08   9.0457e+00    240          1.8013e-02   6.1554e+00
  201  00:00:08   9.0649e+00    241          1.7880e-02   6.1696e+00
  202  00:00:08   9.0842e+00    242          1.7746e-02   6.1837e+00
  203  00:00:08   9.1034e+00    243          1.7611e-02   6.1979e+00
  204  00:00:08   9.1227e+00    244          1.7475e-02   6.2120e+00
  205  00:00:08   9.1419e+00    245          1.7338e-02   6.2262e+00
  206  00:00:08   9.1612e+00    246          1.7200e-02   6.2403e+00
  207  00:00:08   9.1805e+00    247          1.7061e-02   6.2544e+00
  208  00:00:08   9.1997e+00    248          1.6921e-02   6.2686e+00
  209  00:00:09   9.2190e+00    249          1.6780e-02   6.2827e+00
  210  00:00:09   9.2383e+00    250          1.6638e-02   6.2969e+00
  211  00:00:09   9.2576e+00    251          1.6495e-02   6.3110e+00
  212  00:00:09   9.2768e+00    252          1.6351e-02   6.3251e+00
  213  00:00:09   9.2961e+00    253          1.6206e-02   6.3393e+00
  214  00:00:09   9.3154e+00    254          1.6060e-02   6.3534e+00
  215  00:00:09   9.3347e+00    255          1.5914e-02   6.3676e+00
  216  00:00:09   9.3540e+00    256          1.5766e-02   6.3817e+00
  217  00:00:09   9.3733e+00    257          1.5617e-02   6.3958e+00
  218  00:00:09   9.3926e+00    258          1.5468e-02   6.4100e+00
  219  00:00:09   9.4119e+00    259          1.5317e-02   6.4241e+00
  220  00:00:09   9.4312e+00    260          1.5166e-02   6.4383e+00
  221  00:00:09   9.4505e+00    261          1.5014e-02   6.4524e+00
  222  00:00:09   9.4698e+00    262          1.4860e-02   6.4666e+00
  223  00:00:09   9.4891e+00    263          1.4706e-02   6.4807e+00
  224  00:00:09   9.5085e+00    264          1.4551e-02   6.4948e+00
  225  00:00:09   9.5278e+00    265          1.4395e-02   6.5090e+00
  226  00:00:09   9.5471e+00    266          1.4238e-02   6.5231e+00
  227  00:00:09   9.5664e+00    267          1.4080e-02   6.5373e+00
  228  00:00:09   9.5857e+00    268          1.3922e-02   6.5514e+00
  229  00:00:09   9.6051e+00    269          1.3762e-02   6.5655e+00
  230  00:00:09   9.6244e+00    270          1.3601e-02   6.5797e+00
  231  00:00:10   9.6437e+00    271          1.3440e-02   6.5938e+00
  232  00:00:10   9.6631e+00    272          1.3278e-02   6.6080e+00
  233  00:00:10   9.6824e+00    273          1.3115e-02   6.6221e+00
  234  00:00:10   9.7018e+00    274          1.2951e-02   6.6363e+00
  235  00:00:10   9.7211e+00    275          1.2786e-02   6.6504e+00
  236  00:00:10   9.7405e+00    276          1.2620e-02   6.6645e+00
  237  00:00:10   9.7598e+00    277          1.2454e-02   6.6787e+00
  238  00:00:10   9.7792e+00    278          1.2286e-02   6.6928e+00
  239  00:00:10   9.7985e+00    279          1.2118e-02   6.7070e+00
  240  00:00:10   9.8179e+00    280          1.1949e-02   6.7211e+00
  241  00:00:10   9.8373e+00    281          1.1779e-02   6.7352e+00
  242  00:00:10   9.8566e+00    282          1.1608e-02   6.7494e+00
  243  00:00:10   9.8760e+00    283          1.1436e-02   6.7635e+00
  244  00:00:10   9.8954e+00    284          1.1264e-02   6.7777e+00
  245  00:00:10   9.9147e+00    285          1.1091e-02   6.7918e+00
  246  00:00:10   9.9341e+00    286          1.0917e-02   6.8059e+00
  247  00:00:10   9.9535e+00    287          1.0742e-02   6.8201e+00
  248  00:00:10   9.9729e+00    288          1.0566e-02   6.8342e+00
  249  00:00:10   9.9922e+00    289          1.0389e-02   6.8484e+00
  250  00:00:10   1.0012e+01    290          1.0212e-02   6.8625e+00
  251  00:00:10   1.0031e+01    291          1.0034e-02   6.8766e+00
  252  00:00:10   1.0050e+01    292          9.8550e-03   6.8908e+00
  253  00:00:10   1.0070e+01    293          9.6752e-03   6.9049e+00
  254  00:00:10   1.0089e+01    294          9.4947e-03   6.9191e+00
  255  00:00:10   1.0109e+01    295          9.3133e-03   6.9332e+00
  256  00:00:11   1.0128e+01    296          9.1312e-03   6.9474e+00
  257  00:00:11   1.0147e+01    297          8.9483e-03   6.9615e+00
  258  00:00:11   1.0167e+01    298          8.7646e-03   6.9756e+00
  259  00:00:11   1.0186e+01    299          8.5801e-03   6.9898e+00
  260  00:00:11   1.0206e+01    300          8.3949e-03   7.0039e+00
  261  00:00:11   1.0225e+01    301          8.2089e-03   7.0181e+00
  262  00:00:11   1.0244e+01    302          8.0221e-03   7.0322e+00
  263  00:00:11   1.0264e+01    303          7.8346e-03   7.0463e+00
  264  00:00:11   1.0283e+01    304          7.6463e-03   7.0605e+00
  265  00:00:11   1.0303e+01    305          7.4572e-03   7.0746e+00
  266  00:00:11   1.0322e+01    306          7.2674e-03   7.0888e+00
  267  00:00:11   1.0342e+01    307          7.0769e-03   7.1029e+00
  268  00:00:11   1.0361e+01    308          6.8856e-03   7.1170e+00
  269  00:00:11   1.0380e+01    309          6.6935e-03   7.1312e+00
  270  00:00:11   1.0400e+01    310          6.5008e-03   7.1453e+00
  271  00:00:11   1.0419e+01    311          6.3072e-03   7.1595e+00
  272  00:00:11   1.0439e+01    312          6.1130e-03   7.1736e+00
  273  00:00:11   1.0458e+01    313          5.9180e-03   7.1877e+00
  274  00:00:11   1.0478e+01    314          5.7223e-03   7.2019e+00
  275  00:00:11   1.0497e+01    315          5.5258e-03   7.2160e+00
  276  00:00:11   1.0516e+01    316          5.3287e-03   7.2302e+00
  277  00:00:11   1.0536e+01    317          5.1308e-03   7.2443e+00
  278  00:00:11   1.0555e+01    318          4.9322e-03   7.2585e+00
  279  00:00:11   1.0575e+01    319          4.7328e-03   7.2726e+00
  280  00:00:11   1.0594e+01    320          4.5328e-03   7.2867e+00
  281  00:00:12   1.0614e+01    321          4.3321e-03   7.3009e+00
  282  00:00:12   1.0633e+01    322          4.1306e-03   7.3150e+00
  283  00:00:12   1.0653e+01    323          3.9285e-03   7.3292e+00
  284  00:00:12   1.0672e+01    324          3.7257e-03   7.3433e+00
  285  00:00:12   1.0692e+01    325          3.5221e-03   7.3574e+00
  286  00:00:12   1.0711e+01    326          3.3179e-03   7.3716e+00
  287  00:00:12   1.0730e+01    327          3.1130e-03   7.3857e+00
  288  00:00:12   1.0750e+01    328          2.9073e-03   7.3999e+00
  289  00:00:12   1.0769e+01    329          2.7010e-03   7.4140e+00
  290  00:00:12   1.0789e+01    330          2.4941e-03   7.4281e+00
  291  00:00:12   1.0808e+01    331          2.2864e-03   7.4423e+00
  292  00:00:12   1.0828e+01    332          2.0780e-03   7.4564e+00
  293  00:00:12   1.0847e+01    333          1.8690e-03   7.4706e+00
  294  00:00:12   1.0867e+01    334          1.6593e-03   7.4847e+00
  295  00:00:12   1.0886e+01    335          1.4490e-03   7.4988e+00
  296  00:00:12   1.0906e+01    336          1.2379e-03   7.5130e+00
  297  00:00:12   1.0925e+01    337          1.0263e-03   7.5271e+00
  298  00:00:12   1.0945e+01    338          8.1390e-04   7.5413e+00
  299  00:00:12   1.0964e+01    339          6.0088e-04   7.5554e+00
  300  00:00:12   1.0984e+01    340          3.8721e-04   7.5695e+00
  301  00:00:12   1.1003e+01    341          1.7288e-04   7.5837e+00
  302  00:00:12   1.1019e+01    342  EP      0.0000e+00   7.5951e+00
