
    STEP   DAMPING               NORMS              COMPUTATION TIMES
  IT SIT     GAMMA     ||d||     ||f||     ||U||   F(x)  DF(x)  SOLVE
   0                          2.62e-16  9.07e+00    0.0    0.0    0.0

 STEP      TIME        ||U||  LABEL  TYPE            mu            T
    0  00:00:00   9.0672e+00      1  EP      0.0000e+00   6.1774e+00
    1  00:00:00   9.0682e+00      2          1.5328e-09   6.1781e+00
    2  00:00:00   9.0700e+00      3          1.2889e-08   6.1794e+00
    3  00:00:00   9.0735e+00      4          6.4931e-08   6.1820e+00
    4  00:00:00   9.0801e+00      5          2.7366e-07   6.1869e+00
    5  00:00:00   9.0927e+00      6          1.0660e-06   6.1961e+00
    6  00:00:00   9.1165e+00      7          3.9941e-06   6.2136e+00
    7  00:00:00   9.1619e+00      8          1.4654e-05   6.2468e+00
    8  00:00:00   9.2481e+00      9          5.3040e-05   6.3100e+00
    9  00:00:00   9.4121e+00     10          1.8968e-04   6.4301e+00
   10  00:00:00   9.7242e+00     11          6.6804e-04   6.6583e+00
   11  00:00:00   1.0319e+01     12          2.2989e-03   7.0918e+00
   12  00:00:00   1.1293e+01     13          6.7205e-03   7.7989e+00
   13  00:00:00   1.2272e+01     14          1.2991e-02   8.5060e+00
   14  00:00:00   1.3254e+01     15          2.0841e-02   9.2131e+00
   15  00:00:00   1.4238e+01     16          3.0086e-02   9.9201e+00
   16  00:00:00   1.4349e+01     17  EP      3.1212e-02   1.0000e+01

 STEP      TIME        ||U||  LABEL  TYPE            mu            T
    0  00:00:00   9.0672e+00     18  EP      0.0000e+00   6.1774e+00
    1  00:00:00   9.0663e+00     19          1.5333e-09   6.1767e+00
    2  00:00:00   9.0644e+00     20          1.2897e-08   6.1753e+00
    3  00:00:00   9.0610e+00     21          6.5010e-08   6.1728e+00
    4  00:00:01   9.0544e+00     22          2.7434e-07   6.1679e+00
    5  00:00:01   9.0418e+00     23          1.0712e-06   6.1587e+00
    6  00:00:01   9.0180e+00     24          4.0318e-06   6.1412e+00
    7  00:00:01   8.9727e+00     25          1.4921e-05   6.1080e+00
    8  00:00:01   8.8866e+00     26          5.4901e-05   6.0447e+00
    9  00:00:01   8.7234e+00     27          2.0256e-04   5.9247e+00
   10  00:00:01   8.4139e+00     28          7.5717e-04   5.6965e+00
   11  00:00:01   7.8289e+00     29          2.9213e-03   5.2630e+00
   12  00:00:01   6.8852e+00     30          1.0361e-02   4.5559e+00
   13  00:00:01   5.9602e+00     31          2.4667e-02   3.8489e+00
   14  00:00:01   5.0642e+00     32          5.0001e-02   3.1422e+00
   15  00:00:01   4.2172e+00     33          9.5233e-02   2.4365e+00
   16  00:00:01   3.4608e+00     34          1.8308e-01   1.7343e+00
   17  00:00:01   2.9452e+00     35          3.5502e-01   1.1242e+00
   18  00:00:01   2.8362e+00     36          4.5844e-01   9.2991e-01
   19  00:00:01   2.8159e+00     37  BP      4.9210e-01   8.8052e-01
   19  00:00:01   2.8014e+00     38          5.2449e-01   8.3773e-01
   20  00:00:01   2.7853e+00     39          5.8581e-01   7.6723e-01
   21  00:00:01   2.7810e+00     40          6.4872e-01   7.0630e-01
   22  00:00:01   2.7869e+00     41          7.1559e-01   6.5138e-01
   23  00:00:02   2.8034e+00     42          7.8864e-01   6.0040e-01
   24  00:00:02   2.8319e+00     43          8.7069e-01   5.5192e-01
   25  00:00:02   2.8754e+00     44          9.6543e-01   5.0487e-01
   26  00:00:02   2.9393e+00     45          1.0782e+00   4.5836e-01
   27  00:00:02   3.0326e+00     46          1.2173e+00   4.1163e-01
   28  00:00:02   3.1713e+00     47          1.3961e+00   3.6395e-01
   29  00:00:02   3.3851e+00     48          1.6381e+00   3.1462e-01
   30  00:00:02   3.7340e+00     49          1.9888e+00   2.6299e-01
   31  00:00:02   4.3530e+00     50          2.5463e+00   2.0858e-01
   32  00:00:02   5.2060e+00     51          3.2522e+00   1.6529e-01
   33  00:00:02   6.1053e+00     52          3.9587e+00   1.3686e-01
   34  00:00:02   6.1588e+00     53  EP      4.0000e+00   1.3550e-01
